4 0.5668333333333333 0.237625 0.020666666666666667 0.03075
4 0.56025 0.278625 0.018833333333333334 0.02825
4 0.5405 0.288375 0.01633333333333333 0.02575
0 0.5225 0.295375 0.016666666666666666 0.02575
4 0.5144166666666666 0.3235 0.017166666666666667 0.025
0 0.49041666666666667 0.357375 0.015166666666666667 0.02075
4 0.486 0.37625 0.015 0.021
4 0.55025 0.39 0.013166666666666667 0.0205
4 0.5420833333333334 0.39225 0.010166666666666666 0.02
0 0.547 0.404 0.016666666666666666 0.016
4 0.5770833333333333 0.418375 0.0185 0.02975
4 0.47533333333333333 0.427 0.015 0.0225
4 0.49575 0.45 0.013833333333333333 0.021
4 0.47041666666666665 0.471125 0.011166666666666667 0.02075
4 0.47225 0.52075 0.0115 0.0175
4 0.4835833333333333 0.517 0.011166666666666667 0.017
4 0.5058333333333334 0.483625 0.013666666666666667 0.02025
4 0.51125 0.502375 0.0115 0.01725
4 0.47875 0.570125 0.011166666666666667 0.01775
4 0.4875 0.60475 0.01 0.0165
4 0.50075 0.590375 0.010166666666666666 0.01425
4 0.49733333333333335 0.576625 0.009 0.01325
4 0.5075 0.578375 0.008666666666666666 0.01375
0 0.5156666666666667 0.59475 0.010333333333333333 0.017
4 0.527 0.607375 0.01 0.01375
4 0.5298333333333334 0.615625 0.008666666666666666 0.01125
4 0.5021666666666667 0.647 0.011333333333333334 0.0125
4 0.5030833333333333 0.659625 0.012166666666666666 0.01475
4 0.53075 0.630875 0.011166666666666667 0.01575
4 0.5303333333333333 0.64575 0.007666666666666666 0.0135
4 0.5339166666666667 0.64775 0.007166666666666667 0.0165
0 0.5385833333333333 0.65 0.009166666666666667 0.017
4 0.53225 0.681875 0.010833333333333334 0.01225
4 0.5234166666666666 0.6755 0.010833333333333334 0.0155
4 0.5324166666666666 0.69425 0.0135 0.0145
4 0.5208333333333334 0.705 0.010666666666666666 0.0165
4 0.5416666666666666 0.724875 0.014333333333333333 0.01925
4 0.5396666666666666 0.735 0.013 0.015
4 0.5541666666666667 0.74975 0.014 0.0215
4 0.6324166666666666 0.717 0.0195 0.028
4 0.632 0.696625 0.0036666666666666666 0.00625
4 0.57075 0.668 0.015833333333333335 0.0245
4 0.5583333333333333 0.6375 0.012333333333333333 0.0185
4 0.5575833333333333 0.612625 0.011166666666666667 0.01625
4 0.5145 0.522 0.011666666666666667 0.017
4 0.5316666666666666 0.526125 0.007333333333333333 0.01525
4 0.53775 0.5245 0.009166666666666667 0.015
4 0.54525 0.514 0.012833333333333334 0.0185
4 0.5278333333333334 0.487 0.013333333333333334 0.0175
4 0.5598333333333333 0.476375 0.016 0.02575
4 0.5704166666666667 0.51075 0.0145 0.022
4 0.56 0.53775 0.011333333333333334 0.0175
4 0.52625 0.543 0.0045 0.0135
4 0.5211666666666667 0.54475 0.008 0.0155
4 0.5321666666666667 0.54225 0.008333333333333333 0.014
4 0.5284166666666666 0.554375 0.008833333333333334 0.01325
4 0.52525 0.567625 0.0075 0.01325
4 0.53225 0.56875 0.008166666666666666 0.013
0 0.5401666666666667 0.58075 0.009333333333333334 0.016
0 0.5504166666666667 0.57825 0.010833333333333334 0.0155
4 0.5525 0.58425 0.008333333333333333 0.011
4 0.5518333333333333 0.560875 0.010666666666666666 0.01525
4 0.5589166666666666 0.573625 0.0065 0.01075
4 0.5619166666666666 0.5815 0.0095 0.0135
4 0.5673333333333334 0.573625 0.007333333333333333 0.01525
4 0.5703333333333334 0.559375 0.009666666666666667 0.01425
4 0.576 0.57525 0.010333333333333333 0.017
4 0.59675 0.32425 0.019833333333333335 0.0315
4 0.649 0.220125 0.024666666666666667 0.03725
4 0.6549166666666667 0.38925 0.021166666666666667 0.0315
4 0.7045 0.324 0.018333333333333333 0.031
4 0.6916666666666667 0.313625 0.021 0.03375
4 0.7763333333333333 0.309125 0.022333333333333334 0.03275
4 0.8083333333333333 0.28125 0.017333333333333333 0.0245
4 0.8105 0.285125 0.01633333333333333 0.02025
4 0.8143333333333334 0.29375 0.014333333333333333 0.014
4 0.816 0.301375 0.015 0.01175
4 0.8160833333333334 0.312625 0.0145 0.01475
0 0.8273333333333334 0.316125 0.013333333333333334 0.01675
4 0.8255833333333333 0.324875 0.013166666666666667 0.01175
4 0.8201666666666667 0.33375 0.011666666666666667 0.016
4 0.804 0.341625 0.015333333333333332 0.02325
4 0.8185833333333333 0.348375 0.009833333333333333 0.01425
4 0.826 0.343375 0.010666666666666666 0.01675
4 0.8344166666666667 0.33675 0.003833333333333333 0.007
4 0.8070833333333334 0.3725 0.012166666666666666 0.0245
4 0.8165833333333333 0.37325 0.0075 0.0225
4 0.8251666666666667 0.365125 0.010666666666666666 0.01725
4 0.8293333333333334 0.361125 0.009666666666666667 0.01575
4 0.8486666666666667 0.34775 0.010333333333333333 0.019
0 0.85575 0.341375 0.0155 0.02075
4 0.8729166666666667 0.357625 0.0055 0.00875
4 0.8820833333333333 0.358875 0.0028333333333333335 0.00475
4 0.8655 0.367125 0.004 0.00675
0 0.8396666666666667 0.360875 0.01 0.01825
0 0.8449166666666666 0.374875 0.0095 0.01825
4 0.8540833333333333 0.373 0.0105 0.0185
4 0.8168333333333333 0.4005 0.004333333333333333 0.008
4 0.8249166666666666 0.421625 0.0185 0.02825
4 0.864 0.391125 0.012666666666666666 0.01825
4 0.916 0.38725 0.010666666666666666 0.021
4 0.9075833333333333 0.38525 0.010166666666666666 0.0195
4 0.904 0.403375 0.009666666666666667 0.01575
4 0.9008333333333334 0.413125 0.010333333333333333 0.01575
4 0.8945 0.4065 0.010333333333333333 0.0185
0 0.9075833333333333 0.401 0.008166666666666666 0.012
0 0.9126666666666666 0.422 0.014666666666666666 0.0215
0 0.8858333333333334 0.40175 0.010666666666666666 0.0165
4 0.8898333333333334 0.38725 0.013333333333333334 0.0185
4 0.87525 0.408125 0.012833333333333334 0.01975
4 0.8774166666666666 0.42375 0.014166666666666666 0.0195
4 0.8748333333333334 0.462875 0.017333333333333333 0.02625
4 0.8751666666666666 0.48125 0.0033333333333333335 0.004
4 0.9075833333333333 0.475125 0.0031666666666666666 0.00425
4 0.9011666666666667 0.539125 0.021333333333333333 0.02725
4 0.8538333333333333 0.535625 0.021 0.03225
4 0.85875 0.6445 0.021833333333333333 0.033
4 0.7919166666666667 0.76075 0.021833333333333333 0.0355
4 0.7298333333333333 0.761875 0.006 0.00925
4 0.7270833333333333 0.697125 0.019166666666666665 0.02975
4 0.7279166666666667 0.665875 0.0195 0.02525
4 0.6968333333333333 0.671375 0.017666666666666667 0.02325
4 0.6913333333333334 0.691125 0.019666666666666666 0.02725
4 0.7570833333333333 0.64025 0.020166666666666666 0.0315
4 0.7783333333333333 0.64425 0.012 0.0185
4 0.7423333333333333 0.62125 0.009666666666666667 0.0145
4 0.71225 0.61075 0.019833333333333335 0.0295
4 0.7355833333333334 0.53925 0.0235 0.0335
4 0.7004166666666667 0.3715 0.008166666666666666 0.0135
4 0.71075 0.388625 0.020833333333333332 0.03025
4 0.6458333333333334 0.44475 0.0026666666666666666 0.004
4 0.628 0.474875 0.0033333333333333335 0.00625
4 0.6116666666666667 0.531 0.002 0.004
4 0.5798333333333333 0.54025 0.013666666666666667 0.0205
4 0.5868333333333333 0.562375 0.011666666666666667 0.01775
4 0.59575 0.574125 0.0135 0.02025
4 0.6048333333333333 0.5675 0.014333333333333333 0.022
4 0.6155833333333334 0.55025 0.017833333333333333 0.0265
4 0.6519166666666667 0.5405 0.0031666666666666666 0.005
4 0.6355833333333333 0.576125 0.0028333333333333335 0.00375
4 0.5845 0.60425 0.0013333333333333333 0.0025
4 0.5696666666666667 0.59975 0.0023333333333333335 0.003
0 0.5926666666666667 0.5975 0.014 0.019
4 0.6073333333333333 0.625 0.015666666666666666 0.0225
4 0.5775833333333333 0.625625 0.010166666666666666 0.01875
4 0.58375 0.6315 0.011833333333333333 0.02
4 0.6336666666666667 0.6535 0.015333333333333332 0.023
4 0.6495 0.673625 0.016666666666666666 0.02475
4 0.6616666666666666 0.69775 0.02 0.028
4 0.6745 0.614125 0.016 0.02725
4 0.66325 0.60175 0.018166666666666668 0.029