0 0.486 0.360625 0.017666666666666667 0.02575
4 0.48325 0.39075 0.018166666666666668 0.026
0 0.46625 0.432375 0.0155 0.02075
4 0.4656666666666667 0.452 0.01633333333333333 0.0225
4 0.46508333333333335 0.50475 0.015833333333333335 0.024
4 0.46841666666666665 0.548625 0.012833333333333334 0.02175
4 0.4885833333333333 0.5185 0.014833333333333334 0.022
4 0.47983333333333333 0.595125 0.013333333333333334 0.02025
4 0.4890833333333333 0.587875 0.0135 0.01925
4 0.495 0.640375 0.013 0.02075
4 0.5098333333333334 0.6695 0.012 0.0175
4 0.5045833333333334 0.54675 0.014833333333333334 0.021
4 0.51325 0.562125 0.012166666666666666 0.01875
4 0.5199166666666667 0.579 0.0125 0.0175
4 0.5266666666666666 0.540125 0.013666666666666667 0.01975
4 0.55475 0.517 0.017166666666666667 0.0265
4 0.5484166666666667 0.559125 0.013166666666666667 0.01925
4 0.543 0.573 0.01 0.017
4 0.5378333333333334 0.575125 0.009333333333333334 0.01525
4 0.5414166666666667 0.592125 0.009166666666666667 0.01425
4 0.5364166666666667 0.594125 0.0055 0.01375
4 0.5315833333333333 0.597625 0.010166666666666666 0.01975
4 0.54 0.605 0.010333333333333333 0.0145
4 0.53875 0.618125 0.009166666666666667 0.01475
4 0.546 0.617375 0.009333333333333334 0.01475
4 0.5240833333333333 0.636125 0.010166666666666666 0.01525
4 0.51425 0.638625 0.009833333333333333 0.01625
4 0.5200833333333333 0.651125 0.011166666666666667 0.01575
0 0.53575 0.648125 0.010833333333333334 0.01625
4 0.532 0.704875 0.011333333333333334 0.01775
4 0.5349166666666667 0.71475 0.0105 0.0165
4 0.5574166666666667 0.723375 0.011833333333333333 0.01925
4 0.5674166666666667 0.726 0.011833333333333333 0.015
4 0.5690833333333334 0.73625 0.013833333333333333 0.017
4 0.5604166666666667 0.75225 0.010166666666666666 0.0155
4 0.5851666666666666 0.76025 0.014 0.0155
4 0.5840833333333333 0.77325 0.012833333333333334 0.0135
4 0.6010833333333333 0.779375 0.014833333333333334 0.01975
0 0.56825 0.69225 0.0095 0.019
4 0.56175 0.69275 0.0065 0.0165
4 0.5589166666666666 0.69025 0.009833333333333333 0.016
4 0.55625 0.677 0.011833333333333333 0.0175
4 0.55275 0.661875 0.0105 0.01425
4 0.5480833333333334 0.65625 0.010833333333333334 0.016
4 0.5835833333333333 0.670875 0.0135 0.01875
4 0.5783333333333334 0.647625 0.012333333333333333 0.01825
4 0.5995 0.652625 0.011 0.02075
4 0.6078333333333333 0.655125 0.011666666666666667 0.02225
4 0.6014166666666667 0.6955 0.016833333333333332 0.026
0 0.55625 0.624 0.010166666666666666 0.0155
0 0.56425 0.618875 0.010166666666666666 0.01525
4 0.5684166666666667 0.622875 0.008166666666666666 0.01325
4 0.5716666666666667 0.609625 0.008333333333333333 0.01275
4 0.577 0.617375 0.009666666666666667 0.01425
4 0.56325 0.60075 0.011166666666666667 0.017
4 0.5803333333333334 0.607125 0.01 0.01525
4 0.5894166666666667 0.60525 0.011166666666666667 0.0175
4 0.58025 0.591625 0.011166666666666667 0.01575
4 0.5666666666666667 0.57525 0.012666666666666666 0.02
4 0.5716666666666667 0.54525 0.015666666666666666 0.023
4 0.58625 0.570125 0.0145 0.02175
4 0.5969166666666667 0.588 0.013166666666666667 0.0205
4 0.6076666666666667 0.596 0.014666666666666666 0.0205
4 0.6151666666666666 0.584875 0.015333333333333332 0.02175
4 0.6220833333333333 0.564125 0.018833333333333334 0.02725
0 0.6085 0.618625 0.015 0.02025
4 0.60225 0.6285 0.003833333333333333 0.006
4 0.5871666666666666 0.630625 0.0026666666666666666 0.00375
4 0.5779166666666666 0.63275 0.0028333333333333335 0.0025
4 0.5645 0.641 0.003 0.0035
4 0.573 0.657875 0.0023333333333333335 0.00475
4 0.62875 0.639625 0.016166666666666666 0.02425
4 0.6586666666666666 0.655625 0.016666666666666666 0.02775
4 0.67825 0.668875 0.017166666666666667 0.02625
4 0.6944166666666667 0.687 0.021166666666666667 0.0295
4 0.6658333333333334 0.697125 0.004666666666666667 0.00875
4 0.6698333333333333 0.71725 0.02033333333333333 0.031
4 0.72125 0.669125 0.019833333333333335 0.02575
4 0.7230833333333333 0.646 0.019166666666666665 0.0235
4 0.7569166666666667 0.658625 0.021833333333333333 0.03175
4 0.7515833333333334 0.629 0.020166666666666666 0.0275
4 0.7259166666666667 0.58225 0.019833333333333335 0.03
4 0.6906666666666667 0.601875 0.016666666666666666 0.02725
4 0.6770833333333334 0.594 0.018833333333333334 0.0305
4 0.6463333333333333 0.58025 0.0033333333333333335 0.0065
4 0.6555 0.54 0.0036666666666666666 0.007
4 0.6198333333333333 0.48725 0.004 0.0065
4 0.549 0.457375 0.003 0.00525
4 0.5444166666666667 0.443 0.0021666666666666666 0.003
4 0.5605833333333333 0.4545 0.0205 0.03
0 0.5301666666666667 0.45325 0.013333333333333334 0.0185
4 0.5223333333333333 0.447625 0.010666666666666666 0.02125
4 0.5286666666666666 0.437 0.017333333333333333 0.017
4 0.5008333333333334 0.34575 0.018 0.027
4 0.5180833333333333 0.3275 0.020166666666666666 0.03
4 0.5166666666666667 0.286625 0.02266666666666667 0.03325
4 0.5926666666666667 0.23525 0.026 0.0385
4 0.6499166666666667 0.307125 0.019833333333333335 0.03525
4 0.6658333333333334 0.3115 0.017666666666666667 0.0335
4 0.7311666666666666 0.266875 0.022333333333333334 0.03375
4 0.7569166666666667 0.227125 0.0195 0.02925
4 0.7645 0.233 0.015333333333333332 0.0235
4 0.7688333333333334 0.242 0.016 0.015
4 0.76875 0.253625 0.014166666666666666 0.01675
0 0.78225 0.249875 0.013166666666666667 0.01675
4 0.7811666666666667 0.26225 0.014666666666666666 0.009
4 0.7924166666666667 0.267875 0.0065 0.00975
4 0.7786666666666666 0.2735 0.013666666666666667 0.0145
4 0.78625 0.2775 0.009833333333333333 0.0155
4 0.78025 0.28625 0.0125 0.016
4 0.7640833333333333 0.286375 0.016166666666666666 0.02475
4 0.7820833333333334 0.3135 0.009166666666666667 0.024
4 0.7719166666666667 0.313875 0.011166666666666667 0.02525
4 0.7893333333333333 0.29675 0.015 0.024
4 0.808 0.27475 0.013333333333333334 0.017
0 0.8140833333333334 0.266375 0.016833333333333332 0.02625
0 0.80225 0.289625 0.010833333333333334 0.01875
0 0.8094166666666667 0.300875 0.0115 0.01925
4 0.8175 0.29575 0.012 0.0215
4 0.8281666666666667 0.28475 0.006 0.009
4 0.8331666666666667 0.271875 0.008333333333333333 0.01225
4 0.8415833333333333 0.26925 0.005166666666666667 0.006
4 0.8813333333333333 0.283625 0.012 0.02325
4 0.8709166666666667 0.28425 0.009166666666666667 0.02
0 0.874 0.29925 0.013666666666666667 0.0115
0 0.88325 0.31775 0.0145 0.0225
4 0.8708333333333333 0.31325 0.011666666666666667 0.019
4 0.8619166666666667 0.30925 0.008166666666666666 0.0205
4 0.8550833333333333 0.292875 0.014833333333333334 0.01825
0 0.8536666666666667 0.309 0.011 0.0165
4 0.8503333333333334 0.3335 0.015 0.0215
4 0.8458333333333333 0.320125 0.012666666666666666 0.02125
4 0.831 0.3085 0.014333333333333333 0.0205
4 0.5618333333333333 0.3565 0.022 0.0325
4 0.60725 0.401125 0.0028333333333333335 0.00375
4 0.6296666666666667 0.394 0.02266666666666667 0.0335
4 0.6314166666666666 0.4505 0.003833333333333333 0.0065
4 0.67 0.35775 0.008666666666666666 0.0145
4 0.6829166666666666 0.369875 0.0225 0.03475
4 0.7871666666666667 0.337125 0.006333333333333333 0.01025
4 0.79925 0.354125 0.020166666666666666 0.02975
4 0.8548333333333333 0.37175 0.018666666666666668 0.0285
4 0.85875 0.3895 0.003833333333333333 0.0055
4 0.8895 0.370375 0.004 0.00625
4 0.8953333333333333 0.434875 0.022333333333333334 0.03075
4 0.8493333333333334 0.451125 0.023 0.03475
4 0.8745833333333334 0.55375 0.022833333333333334 0.035
4 0.8313333333333334 0.692 0.023666666666666666 0.035
4 0.77225 0.72025 0.004833333333333334 0.008
4 0.7345 0.657 0.0033333333333333335 0.0055
4 0.7353333333333333 0.5045 0.024333333333333332 0.0355
4 0.7575 0.57975 0.011333333333333334 0.017
4 0.7755833333333333 0.59225 0.0215 0.033
4 0.7955 0.5865 0.013 0.0225