4 0.4646666666666667 0.37775 0.02 0.024
4 0.468 0.362875 0.02033333333333333 0.02325
4 0.49141666666666667 0.462125 0.019833333333333335 0.03125
4 0.4751666666666667 0.515375 0.02 0.02925
4 0.5550833333333334 0.426375 0.021166666666666667 0.03075
4 0.5836666666666667 0.492375 0.021333333333333333 0.03325
4 0.6713333333333333 0.314 0.006333333333333333 0.0085
4 0.6615833333333333 0.324625 0.016833333333333332 0.02425
4 0.6916666666666667 0.346375 0.016666666666666666 0.02225
4 0.697 0.333625 0.017333333333333333 0.02325
4 0.5800833333333333 0.289625 0.011833333333333333 0.01525
4 0.57 0.34075 0.021333333333333333 0.0325
4 0.6005833333333334 0.358 0.014833333333333334 0.023
4 0.6201666666666666 0.22975 0.021 0.034
4 0.7105833333333333 0.210625 0.021166666666666667 0.03125
4 0.7305833333333334 0.220125 0.0175 0.02875
4 0.7501666666666666 0.21625 0.017 0.0285
4 0.7631666666666667 0.230875 0.012333333333333333 0.02725
4 0.774 0.22575 0.011 0.028
4 0.7866666666666666 0.2295 0.015666666666666666 0.03
4 0.8110833333333334 0.241875 0.0215 0.03125
4 0.7158333333333333 0.3875 0.014333333333333333 0.0205
4 0.7161666666666666 0.410625 0.016 0.02225
4 0.707 0.47975 0.018666666666666668 0.0265
4 0.7329166666666667 0.465125 0.0165 0.02225
4 0.7703333333333333 0.43575 0.014666666666666666 0.0205
4 0.7740833333333333 0.457125 0.0155 0.01875
4 0.78725 0.433375 0.014166666666666666 0.01975
4 0.7953333333333333 0.3875 0.015666666666666666 0.0235
4 0.8151666666666667 0.400375 0.015666666666666666 0.02325
4 0.8065 0.427875 0.015666666666666666 0.01925
4 0.8541666666666666 0.375625 0.023 0.02925
4 0.8286666666666667 0.458 0.014 0.0205
4 0.8405 0.465875 0.012333333333333333 0.02075
4 0.85225 0.4795 0.013833333333333333 0.0205
4 0.8613333333333333 0.499375 0.014333333333333333 0.01825
4 0.7398333333333333 0.81475 0.019333333333333334 0.0145
4 0.6963333333333334 0.744375 0.019333333333333334 0.01925
4 0.6958333333333333 0.765625 0.017666666666666667 0.02175
4 0.65 0.737875 0.018666666666666668 0.02725
4 0.73325 0.630625 0.0175 0.02525
4 0.7551666666666667 0.708375 0.015666666666666666 0.01975
4 0.7573333333333333 0.6935 0.016666666666666666 0.02
4 0.77875 0.721375 0.0165 0.02225
4 0.8075 0.712125 0.013 0.01875
4 0.7996666666666666 0.742875 0.014 0.01875
4 0.79275 0.637375 0.0145 0.01825
4 0.7795833333333333 0.613875 0.012833333333333334 0.01975
4 0.7870833333333334 0.59575 0.012833333333333334 0.0165
4 0.79075 0.61175 0.010166666666666666 0.017
4 0.7983333333333333 0.594875 0.010666666666666666 0.01575
4 0.80475 0.602625 0.0125 0.01875
4 0.7185 0.5505 0.018666666666666668 0.0305
4 0.73275 0.526625 0.013833333333333333 0.02175
4 0.83475 0.594625 0.011166666666666667 0.01725
4 0.8299166666666666 0.68175 0.0125 0.016
4 0.8414166666666667 0.6875 0.0115 0.017
4 0.8306666666666667 0.69475 0.010666666666666666 0.0115
4 0.8311666666666667 0.70625 0.008666666666666666 0.0115
4 0.82675 0.711875 0.0145 0.01525
4 0.8514166666666667 0.711375 0.0085 0.01325
4 0.8439166666666666 0.712875 0.009166666666666667 0.01175
4 0.8406666666666667 0.726 0.008333333333333333 0.012
4 0.8333333333333334 0.728625 0.006666666666666667 0.01175
4 0.8268333333333333 0.727125 0.009 0.01225
4 0.8229166666666666 0.739875 0.009833333333333333 0.01175
4 0.8298333333333333 0.73925 0.007666666666666666 0.0105
4 0.8636666666666667 0.67 0.011333333333333334 0.0165
4 0.8741666666666666 0.653375 0.012 0.01875
4 0.8736666666666667 0.59975 0.012 0.0175
4 0.8643333333333333 0.595625 0.009333333333333334 0.01325
4 0.8785 0.556375 0.009333333333333334 0.01475
4 0.8608333333333333 0.57475 0.009666666666666667 0.0075
4 0.8611666666666666 0.567625 0.008666666666666666 0.00975
4 0.8659166666666667 0.56875 0.007833333333333333 0.0135
4 0.8629166666666667 0.58375 0.011833333333333333 0.012
4 0.8740833333333333 0.5685 0.0095 0.0145
4 0.8670833333333333 0.553625 0.012166666666666666 0.01525
4 0.8718333333333333 0.54275 0.011 0.012
4 0.8085833333333333 0.53575 0.0125 0.015
4 0.81075 0.5465 0.009166666666666667 0.0125
4 0.8300833333333333 0.53125 0.010166666666666666 0.018
4 0.8386666666666667 0.538125 0.012666666666666666 0.01775
4 0.8546666666666667 0.533625 0.01 0.01175
4 0.8568333333333333 0.523 0.007333333333333333 0.0095
4 0.8504166666666667 0.5225 0.0085 0.016
4 0.8955833333333333 0.52425 0.015833333333333335 0.0215
4 0.8686666666666667 0.525875 0.010666666666666666 0.01525
4 0.87725 0.52925 0.010166666666666666 0.0165
4 0.8755 0.514375 0.012 0.01525
4 0.83375 0.4245 0.015833333333333335 0.023
4 0.4855833333333333 0.583375 0.0195 0.02625
4 0.49191666666666667 0.61 0.018833333333333334 0.027
4 0.552 0.63575 0.006 0.0105
4 0.5678333333333333 0.6455 0.018 0.027
4 0.57825 0.670875 0.0175 0.02625
4 0.59375 0.644375 0.019833333333333335 0.03025
4 0.5958333333333333 0.762125 0.019666666666666666 0.02975
0 0.5503333333333333 0.6635 0.019 0.0295
0 0.79125 0.76975 0.0065 0.0075
0 0.8181666666666667 0.61075 0.013 0.02
0 0.7625833333333333 0.322 0.0185 0.023
0 0.5925 0.345375 0.019333333333333334 0.02725
4 0.6921666666666667 0.55275 0.004666666666666667 0.006
4 0.788 0.404375 0.005 0.00675
4 0.6220833333333333 0.3965 0.016833333333333332 0.0275
4 0.6068333333333333 0.3925 0.01633333333333333 0.0315
4 0.6143333333333333 0.385 0.010333333333333333 0.0135
4 0.63075 0.3775 0.0185 0.036
0 0.6120833333333333 0.367875 0.020833333333333332 0.02075
4 0.7473333333333333 0.508 0.013333333333333334 0.0185
4 0.73825 0.547625 0.0125 0.02275
4 0.7498333333333334 0.547 0.013666666666666667 0.025
4 0.78075 0.6295 0.0018333333333333333 0.003
4 0.8316666666666667 0.6245 0.0033333333333333335 0.0045
4 0.8516666666666667 0.62 0.0033333333333333335 0.005
4 0.8910833333333333 0.559875 0.003833333333333333 0.00525
4 0.86975 0.61725 0.0028333333333333335 0.004
4 0.7250833333333333 0.749125 0.003833333333333333 0.00525
4 0.8759166666666667 0.433875 0.0031666666666666666 0.00525
4 0.7195 0.432 0.003 0.005
4 0.70925 0.421875 0.003833333333333333 0.00525
4 0.7870833333333334 0.328875 0.014166666666666666 0.02675
4 0.7758333333333334 0.32925 0.011333333333333334 0.0235
4 0.7710833333333333 0.339125 0.012166666666666666 0.01875
4 0.7495833333333334 0.391125 0.010833333333333334 0.01575
4 0.7366666666666667 0.39575 0.011333333333333334 0.016
4 0.7309166666666667 0.389 0.0105 0.0135
4 0.7324166666666667 0.378625 0.012833333333333334 0.00925
4 0.7324166666666667 0.3685 0.012833333333333334 0.012
4 0.651 0.302375 0.016 0.02875
4 0.65975 0.2945 0.016833333333333332 0.027
4 0.6461666666666667 0.343625 0.0036666666666666666 0.00425
4 0.6785833333333333 0.2645 0.0031666666666666666 0.0035
4 0.7249166666666667 0.429875 0.0028333333333333335 0.00325
4 0.731 0.4135 0.0026666666666666666 0.004
4 0.7348333333333333 0.425875 0.003 0.00375
4 0.7408333333333333 0.3845 0.007 0.0095
4 0.757 0.3455 0.008666666666666666 0.015
0 0.759 0.377375 0.009333333333333334 0.01725
4 0.7500833333333333 0.378125 0.008166666666666666 0.01175
4 0.7530833333333333 0.3685 0.007833333333333333 0.009
4 0.7585 0.363375 0.008 0.01075
4 0.7515833333333334 0.359 0.007833333333333333 0.0105
4 0.7450833333333333 0.366125 0.0085 0.01225
4 0.74275 0.37725 0.0065 0.008
4 0.8825 0.49725 0.014333333333333333 0.022