1 0.5655833333333333 0.266125 0.018833333333333334 0.02825
1 0.5410833333333334 0.29625 0.011833333333333333 0.019
1 0.58775 0.334375 0.014166666666666666 0.02275
4 0.5451666666666667 0.31375 0.008666666666666666 0.013
4 0.5711666666666667 0.359875 0.014 0.01875
4 0.5325833333333333 0.345625 0.0045 0.00725
4 0.553 0.336625 0.007666666666666666 0.00975
4 0.5453333333333333 0.30225 0.09166666666666666 0.081
4 0.508 0.4 0.013 0.0225
1 0.4969166666666667 0.406875 0.013833333333333333 0.02225
4 0.521 0.3685 0.059 0.0865
4 0.5683333333333334 0.357125 0.05566666666666667 0.10175
4 0.5226666666666666 0.488875 0.009666666666666667 0.01325
1 0.5165833333333333 0.497375 0.0065 0.01125
4 0.5240833333333333 0.511625 0.08616666666666667 0.12525
1 0.6410833333333333 0.749625 0.007833333333333333 0.01125
1 0.6361666666666667 0.756125 0.01 0.01525
1 0.64825 0.704 0.006833333333333334 0.0105
1 0.6926666666666667 0.71475 0.007666666666666666 0.014
4 0.6609166666666667 0.72675 0.006833333333333334 0.011
4 0.67575 0.74525 0.007166666666666667 0.014
4 0.66825 0.761625 0.10683333333333334 0.10875
4 0.7010833333333333 0.712 0.0115 0.0195
4 0.673 0.680375 0.006333333333333333 0.00675
4 0.6456666666666667 0.694625 0.010333333333333333 0.01425
4 0.67575 0.668 0.051833333333333335 0.078
4 0.6253333333333333 0.650625 0.063 0.10725
1 0.7379166666666667 0.7235 0.014833333333333334 0.0215
1 0.7448333333333333 0.70275 0.014 0.019
1 0.7754166666666666 0.660375 0.0135 0.02125
4 0.8315833333333333 0.642375 0.08683333333333333 0.14425
4 0.8133333333333334 0.562875 0.0036666666666666666 0.00525
4 0.80575 0.566125 0.010833333333333334 0.01575
4 0.8021666666666667 0.548125 0.01 0.01525
1 0.8250833333333333 0.5455 0.0135 0.0195
1 0.8228333333333333 0.56525 0.012666666666666666 0.016
4 0.7745 0.568125 0.06166666666666667 0.08975
1 0.7700833333333333 0.484125 0.009166666666666667 0.01525
1 0.7806666666666666 0.465 0.010333333333333333 0.0165
4 0.8025 0.495625 0.072 0.10875
4 0.7638333333333334 0.442375 0.014 0.02225
4 0.7336666666666667 0.4515 0.075 0.1135
4 0.69425 0.5845 0.059833333333333336 0.0875
4 0.6531666666666667 0.526625 0.06533333333333333 0.09225
1 0.62475 0.485125 0.011166666666666667 0.01625
1 0.6455 0.41025 0.008666666666666666 0.012
1 0.65 0.384 0.012333333333333333 0.0195
1 0.6575 0.337375 0.017666666666666667 0.02675
4 0.6373333333333333 0.377125 0.011666666666666667 0.01875
4 0.6733333333333333 0.394625 0.015666666666666666 0.02375
4 0.6306666666666667 0.412875 0.07666666666666666 0.12175
4 0.7756666666666666 0.348 0.023333333333333334 0.0345
4 0.80925 0.286875 0.025166666666666667 0.03975
4 0.80775 0.2415 0.013166666666666667 0.0205
4 0.7715 0.1745 0.023333333333333334 0.0325
4 0.7548333333333334 0.1525 0.018666666666666668 0.0285
1 0.7346666666666667 0.161375 0.019 0.02575
1 0.7355833333333334 0.13625 0.0165 0.0235
1 0.7081666666666667 0.125875 0.014666666666666666 0.02425
1 0.6933333333333334 0.123375 0.012666666666666666 0.02425
1 0.6848333333333333 0.137125 0.012666666666666666 0.01925
1 0.6795 0.131 0.012666666666666666 0.0235
4 0.717 0.1415 0.017333333333333333 0.0175
4 0.72 0.126125 0.014 0.01675
4 0.6705833333333333 0.1295 0.010833333333333334 0.0205
4 0.6338333333333334 0.130375 0.018333333333333333 0.02075
4 0.6311666666666667 0.146875 0.02 0.02175
1 0.6518333333333334 0.12975 0.016666666666666666 0.026