1 0.6540833333333333 0.299875 0.019833333333333335 0.03025
1 0.6235 0.3155 0.013666666666666667 0.018
1 0.6593333333333333 0.37525 0.017666666666666667 0.0255
1 0.5570833333333334 0.397875 0.014833333333333334 0.02425
4 0.6381666666666667 0.391875 0.013333333333333334 0.01975
4 0.62675 0.360875 0.0055 0.01025
4 0.6055833333333334 0.359875 0.005833333333333334 0.00875
4 0.624 0.335375 0.009666666666666667 0.01425
4 0.6261666666666666 0.31975 0.09233333333333334 0.0795
4 0.5698333333333333 0.3975 0.012333333333333333 0.0245
4 0.5864166666666667 0.371 0.0565 0.0985
4 0.6405833333333333 0.383125 0.0535 0.07575
1 0.555 0.4925 0.007 0.0105
1 0.6959166666666666 0.475 0.008833333333333334 0.014
1 0.70725 0.451375 0.013166666666666667 0.01975
1 0.7233333333333334 0.413375 0.022333333333333334 0.02975
1 0.659 0.5355 0.014333333333333333 0.0205
4 0.5644166666666667 0.48725 0.009166666666666667 0.015
4 0.5706666666666667 0.44225 0.021333333333333333 0.0205
4 0.5606666666666666 0.508375 0.08633333333333333 0.13575
4 0.7259166666666667 0.476 0.016833333333333332 0.028
4 0.6954166666666667 0.44 0.0125 0.0205
4 0.6803333333333333 0.47 0.083 0.122
4 0.7478333333333333 0.208875 0.01633333333333333 0.02725
4 0.7425 0.218625 0.019666666666666666 0.02875
1 0.76525 0.2165 0.0175 0.027
4 0.7825833333333333 0.225 0.014833333333333334 0.0195
1 0.79075 0.230125 0.0155 0.02075
1 0.7930833333333334 0.239875 0.0155 0.01925
1 0.8056666666666666 0.231 0.014333333333333333 0.0235
1 0.819 0.241125 0.01633333333333333 0.02275
4 0.82825 0.247875 0.0135 0.02025
4 0.8236666666666667 0.259875 0.018666666666666668 0.01875
1 0.84125 0.267 0.0155 0.0255
1 0.83575 0.287875 0.0195 0.02725
4 0.8558333333333333 0.28925 0.020666666666666667 0.029
4 0.8666666666666667 0.319 0.024333333333333332 0.034
4 0.8848333333333334 0.4 0.013333333333333334 0.021
4 0.8759166666666667 0.443375 0.0265 0.03975
4 0.83175 0.4825 0.023166666666666665 0.0355
4 0.7990833333333334 0.565125 0.0155 0.02475
4 0.7690833333333333 0.5595 0.07783333333333334 0.113
1 0.8088333333333333 0.594375 0.012333333333333333 0.01775
1 0.7950833333333334 0.6075 0.0095 0.015
1 0.832 0.693 0.014666666666666666 0.0235
1 0.8258333333333333 0.71125 0.013666666666666667 0.02
1 0.7606666666666667 0.77625 0.017 0.0235
4 0.82 0.702 0.007666666666666666 0.012
4 0.81075 0.68275 0.009833333333333333 0.0145
4 0.81075 0.704875 0.0125 0.02125
4 0.7824166666666666 0.687 0.06683333333333333 0.0915
4 0.82175 0.637 0.0765 0.119
4 0.8179166666666666 0.79375 0.0885 0.1435
4 0.6770833333333334 0.58775 0.07016666666666667 0.0815
4 0.7045833333333333 0.666375 0.0625 0.09225
1 0.7224166666666667 0.801625 0.016833333333333332 0.02325
1 0.7115 0.8165 0.017 0.026
4 0.6801666666666667 0.787 0.012666666666666666 0.021
1 0.6706666666666666 0.78625 0.007 0.016
1 0.61525 0.791875 0.007166666666666667 0.01325
1 0.6081666666666666 0.795375 0.009333333333333334 0.01675
1 0.6325833333333334 0.753 0.0065 0.009
4 0.6314166666666666 0.800625 0.08516666666666667 0.09975
4 0.6479166666666667 0.8045 0.0105 0.014
4 0.6375833333333333 0.778625 0.009166666666666667 0.01425
4 0.6604166666666667 0.743125 0.0075 0.01025
4 0.66125 0.7315 0.06116666666666667 0.0885
4 0.6309166666666667 0.742 0.0125 0.015
4 0.62425 0.692125 0.07083333333333333 0.10625