4 0.5645 0.5285 0.08966666666666667 0.146
4 0.65825 0.520125 0.06583333333333333 0.13525
4 0.6974166666666667 0.549375 0.07083333333333333 0.13125
4 0.77425 0.7185 0.09516666666666666 0.126
4 0.7960833333333334 0.63425 0.0875 0.1095
4 0.8280833333333333 0.511875 0.0875 0.12075
4 0.8114166666666667 0.351875 0.0805 0.13225
4 0.8808333333333334 0.3915 0.08466666666666667 0.153
4 0.72425 0.22275 0.09516666666666666 0.0825
4 0.5398333333333334 0.555625 0.011333333333333334 0.01825
4 0.5485 0.5045 0.013 0.017
4 0.51725 0.52325 0.007833333333333333 0.0135
4 0.5161666666666667 0.466875 0.018666666666666668 0.02675
4 0.53375 0.466875 0.018166666666666668 0.02725
4 0.5073333333333333 0.593125 0.017 0.02375
4 0.551 0.55525 0.008 0.0115
4 0.58525 0.60375 0.015166666666666667 0.021
4 0.5308333333333334 0.656875 0.017 0.02725
4 0.5415 0.6825 0.019333333333333334 0.025
4 0.5791666666666667 0.661625 0.018333333333333333 0.02575
4 0.5961666666666666 0.721625 0.022 0.02725
4 0.6538333333333334 0.744625 0.02266666666666667 0.02775
1 0.5248333333333334 0.48975 0.014 0.016
4 0.596 0.69925 0.017 0.0155
4 0.5935 0.695875 0.017666666666666667 0.01975
1 0.59225 0.677 0.017166666666666667 0.0195
1 0.6556666666666666 0.720875 0.02033333333333333 0.02075
1 0.7803333333333333 0.768625 0.012333333333333333 0.01675
1 0.76725 0.608625 0.008833333333333334 0.01175
1 0.7354166666666667 0.623875 0.0145 0.01875
1 0.7399166666666667 0.645 0.014833333333333334 0.018
1 0.6513333333333333 0.571625 0.015 0.02225
1 0.6765833333333333 0.542375 0.006166666666666667 0.00975
4 0.7345833333333334 0.680625 0.017166666666666667 0.02375
4 0.7370833333333333 0.779625 0.0185 0.02425
4 0.7440833333333333 0.79875 0.0185 0.025
4 0.739 0.820375 0.023666666666666666 0.02975
4 0.7678333333333334 0.77325 0.012666666666666666 0.019
4 0.775 0.784 0.014666666666666666 0.0165
4 0.7705833333333333 0.802125 0.018833333333333334 0.02925
4 0.8095 0.7405 0.016 0.0255
4 0.8173333333333334 0.75175 0.01633333333333333 0.026
4 0.67925 0.5225 0.0065 0.0105
4 0.6918333333333333 0.52525 0.005 0.0065
4 0.6938333333333333 0.528875 0.005 0.00775
4 0.7004166666666667 0.501625 0.012833333333333334 0.01725
4 0.7276666666666667 0.54875 0.013 0.0195
4 0.7540833333333333 0.541125 0.012833333333333334 0.02075
4 0.7754166666666666 0.52375 0.013166666666666667 0.0195
4 0.798 0.567 0.013333333333333334 0.019
4 0.8385833333333333 0.556625 0.0145 0.02175
4 0.8645833333333334 0.599375 0.021833333333333333 0.03175
4 0.8555 0.63125 0.02033333333333333 0.0305
4 0.807 0.472375 0.012 0.01525
4 0.8135833333333333 0.466375 0.0105 0.01325
4 0.8504166666666667 0.488875 0.013166666666666667 0.01825
4 0.7145833333333333 0.4435 0.015166666666666667 0.023
4 0.6988333333333333 0.4205 0.018333333333333333 0.026
4 0.7609166666666667 0.378625 0.0135 0.02075
4 0.7565 0.370875 0.012 0.02225
1 0.72625 0.433875 0.0115 0.01675
1 0.7344166666666667 0.399875 0.017166666666666667 0.02625
1 0.7463333333333333 0.376125 0.015666666666666666 0.02425
1 0.6798333333333333 0.39275 0.022 0.0325
1 0.6996666666666667 0.45075 0.014333333333333333 0.022
1 0.7580833333333333 0.511875 0.0135 0.01675
1 0.7645 0.537125 0.009666666666666667 0.01875
1 0.8356666666666667 0.498875 0.007333333333333333 0.01175
1 0.66 0.213875 0.020666666666666667 0.03175
1 0.6765833333333333 0.202 0.0125 0.0225
4 0.68975 0.194875 0.013833333333333333 0.02025
4 0.7056666666666667 0.188875 0.014333333333333333 0.01425
4 0.84475 0.3145 0.017166666666666667 0.0225
4 0.8670833333333333 0.34375 0.013833333333333333 0.018
1 0.8643333333333333 0.3535 0.010333333333333333 0.011
1 0.8044166666666667 0.26075 0.005833333333333334 0.008
1 0.803 0.247625 0.019666666666666666 0.02875
1 0.7823333333333333 0.2215 0.017666666666666667 0.025
1 0.8683333333333333 0.4025 0.006666666666666667 0.0075
1 0.8731666666666666 0.404375 0.005333333333333333 0.00775
1 0.87075 0.4105 0.005833333333333334 0.0075
4 0.8688333333333333 0.39625 0.0036666666666666666 0.005
4 0.865 0.393 0.004666666666666667 0.0075
4 0.8556666666666667 0.367 0.009666666666666667 0.012
4 0.87125 0.384125 0.008833333333333334 0.01225
1 0.5823333333333334 0.5875 0.016666666666666666 0.0175
1 0.5505 0.56475 0.012666666666666666 0.011
1 0.5494166666666667 0.578 0.014833333333333334 0.0145
1 0.7545833333333334 0.200625 0.0105 0.02075