4 0.5916666666666667 0.4555 0.06066666666666667 0.1315
4 0.64775 0.461 0.05383333333333333 0.129
4 0.5105 0.524 0.09033333333333333 0.142
4 0.7539166666666667 0.582 0.09416666666666666 0.1095
4 0.7549166666666667 0.480875 0.08616666666666667 0.09425
4 0.75175 0.35175 0.08583333333333333 0.111
4 0.6920833333333334 0.20975 0.0765 0.1295
4 0.7534166666666666 0.197125 0.04816666666666667 0.11025
4 0.7813333333333333 0.222125 0.06666666666666667 0.11175
4 0.5754166666666667 0.1295 0.08283333333333333 0.117
4 0.5538333333333333 0.1255 0.010666666666666666 0.0125
4 0.5394166666666667 0.14125 0.012166666666666666 0.019
1 0.51825 0.175 0.021166666666666667 0.0305
1 0.5298333333333334 0.153 0.014333333333333333 0.021
1 0.6033333333333334 0.108375 0.013 0.02125
1 0.6330833333333333 0.11075 0.015833333333333335 0.024
1 0.6636666666666666 0.134375 0.004666666666666667 0.00475
1 0.6591666666666667 0.122375 0.018 0.02575
1 0.6364166666666666 0.304375 0.016833333333333332 0.02375
1 0.5826666666666667 0.3285 0.02033333333333333 0.03
1 0.61625 0.371875 0.0135 0.01825
1 0.6359166666666667 0.340375 0.0115 0.01375
4 0.608 0.3445 0.017 0.023
4 0.6283333333333333 0.356625 0.016 0.02075
4 0.6474166666666666 0.26275 0.011833333333333333 0.0155
4 0.65325 0.268375 0.012833333333333334 0.02125
1 0.641 0.275 0.015 0.0205
1 0.687 0.395 0.012 0.0175
1 0.6991666666666667 0.413125 0.010333333333333333 0.01625
1 0.7560833333333333 0.3365 0.006166666666666667 0.008
4 0.7226666666666667 0.330125 0.012 0.01625
4 0.7264166666666667 0.31925 0.012166666666666666 0.0155
4 0.7673333333333333 0.31925 0.012666666666666666 0.019
4 0.7736666666666666 0.388375 0.014333333333333333 0.01925
4 0.7394166666666667 0.421 0.013166666666666667 0.0175
4 0.6299166666666667 0.44725 0.005166666666666667 0.006
4 0.6325833333333334 0.45 0.005166666666666667 0.006
4 0.6173333333333333 0.4505 0.007 0.0095
4 0.6300833333333333 0.418625 0.013166666666666667 0.01625
4 0.66825 0.446125 0.012166666666666666 0.01775
4 0.6909166666666666 0.423375 0.012166666666666666 0.01825
4 0.7060833333333333 0.394625 0.013833333333333333 0.01775
4 0.80975 0.41175 0.0205 0.0295
4 0.8099166666666666 0.44725 0.020833333333333332 0.0285
1 0.6039166666666667 0.510625 0.0155 0.01925
1 0.696 0.51125 0.012666666666666666 0.0185
1 0.7049166666666666 0.52775 0.0115 0.0175
1 0.7203333333333334 0.4795 0.012333333333333333 0.0165
1 0.6193333333333333 0.47075 0.005333333333333333 0.0095
1 0.64775 0.6475 0.019833333333333335 0.0205
1 0.774 0.619 0.013333333333333334 0.0155
4 0.6495 0.669375 0.021333333333333333 0.02275
4 0.7091666666666666 0.563625 0.014333333333333333 0.02125
4 0.7939166666666667 0.577375 0.013833333333333333 0.02325
4 0.8064166666666667 0.58225 0.012833333333333334 0.0235
4 0.7369166666666667 0.65475 0.017166666666666667 0.026
4 0.7490833333333333 0.665625 0.0155 0.01975
4 0.74875 0.6895 0.0215 0.027
4 0.7644166666666666 0.63075 0.0105 0.0185
4 0.7739166666666667 0.634875 0.012833333333333334 0.01325
4 0.7739166666666667 0.654625 0.0185 0.02475
4 0.5899166666666666 0.678875 0.0195 0.02975
4 0.559 0.63525 0.016 0.023
4 0.5131666666666667 0.658375 0.016666666666666666 0.02425
4 0.5301666666666667 0.67525 0.01633333333333333 0.025
4 0.475 0.613875 0.015666666666666666 0.02325
4 0.4900833333333333 0.509625 0.0105 0.01625
4 0.46608333333333335 0.5445 0.006166666666666667 0.009
4 0.45216666666666666 0.49225 0.013 0.023
4 0.468 0.48175 0.015666666666666666 0.0255
1 0.46341666666666664 0.5035 0.012166666666666666 0.0175
1 0.5093333333333333 0.576875 0.011333333333333334 0.01425
1 0.50775 0.56525 0.010166666666666666 0.009
1 0.54275 0.568 0.013166666666666667 0.0175
4 0.5076666666666667 0.555875 0.008666666666666666 0.00975
4 0.49516666666666664 0.5615 0.012666666666666666 0.02
4 0.7055 0.500375 0.011333333333333334 0.01775
1 0.57575 0.644375 0.0155 0.02075
4 0.7446666666666667 0.17375 0.014 0.0155
4 0.71625 0.16025 0.015833333333333335 0.025
4 0.741 0.20275 0.009 0.0125
4 0.7595833333333334 0.209625 0.0045 0.00725
4 0.75675 0.221875 0.004833333333333334 0.00725
4 0.7605 0.221625 0.0023333333333333335 0.00375
1 0.7625 0.22625 0.0026666666666666666 0.004
1 0.765 0.23525 0.005333333333333333 0.0075
1 0.7446666666666667 0.185875 0.01 0.00975
4 0.7609166666666667 0.230125 0.004166666666666667 0.00675
1 0.76775 0.227625 0.0045 0.00675
4 0.5798333333333333 0.65325 0.015333333333333332 0.009
4 0.5840833333333333 0.6625 0.019833333333333335 0.0125