1 0.6358333333333334 0.2465 0.018333333333333333 0.033
4 0.644 0.26675 0.014 0.0135
4 0.6544166666666666 0.238625 0.012833333333333334 0.01975
1 0.6496666666666666 0.249375 0.012 0.02375
1 0.6571666666666667 0.285875 0.013666666666666667 0.02525
4 0.64625 0.28525 0.008166666666666666 0.021
4 0.6636666666666666 0.29625 0.016 0.0265
4 0.6868333333333333 0.213875 0.010333333333333333 0.01675
4 0.5885833333333333 0.316 0.021166666666666667 0.0335
4 0.6138333333333333 0.320125 0.017666666666666667 0.02825
4 0.6975833333333333 0.289125 0.010833333333333334 0.01625
4 0.6806666666666666 0.341625 0.011 0.01825
4 0.7055 0.363875 0.009666666666666667 0.01475
4 0.7435 0.2825 0.010666666666666666 0.016
4 0.7546666666666667 0.26975 0.020666666666666667 0.03
4 0.7464166666666666 0.3125 0.016833333333333332 0.024
4 0.7714166666666666 0.30275 0.010833333333333334 0.015
1 0.7760833333333333 0.282625 0.015166666666666667 0.02225
4 0.78925 0.28625 0.012833333333333334 0.0225
4 0.7948333333333333 0.29125 0.0026666666666666666 0.0085
4 0.7865 0.30025 0.002 0.0035
4 0.8076666666666666 0.293 0.012 0.0195
4 0.7710833333333333 0.338125 0.0135 0.02325
4 0.7833333333333333 0.33625 0.011 0.021
4 0.8115 0.314 0.009333333333333334 0.013
4 0.815 0.322375 0.01 0.01425
4 0.8264166666666667 0.315625 0.0135 0.02025
4 0.838 0.315875 0.009333333333333334 0.01525
0 0.8758333333333334 0.3135 0.014 0.0195
1 0.8404166666666667 0.3505 0.013166666666666667 0.018
4 0.8455 0.333125 0.013333333333333334 0.01725
4 0.85225 0.3425 0.0105 0.0135
4 0.852 0.354375 0.009666666666666667 0.01325
4 0.8588333333333333 0.36125 0.010333333333333333 0.0155
4 0.8684166666666666 0.35525 0.0095 0.011
4 0.868 0.341625 0.012666666666666666 0.01675
4 0.8959166666666667 0.38725 0.0105 0.014
4 0.8951666666666667 0.407375 0.004 0.00525
4 0.8868333333333334 0.418875 0.006666666666666667 0.00825
4 0.8845833333333334 0.427375 0.009833333333333333 0.01375
4 0.90175 0.460625 0.0031666666666666666 0.00475
4 0.88475 0.4615 0.0075 0.01
4 0.8939166666666667 0.436625 0.006833333333333334 0.01025
4 0.8925833333333333 0.44575 0.0115 0.01
4 0.893 0.456125 0.011 0.01125
4 0.8569166666666667 0.435875 0.010166666666666666 0.01275
4 0.8584166666666667 0.448375 0.0085 0.00925
4 0.8221666666666667 0.41075 0.004666666666666667 0.0065
1 0.8119166666666666 0.411875 0.0115 0.01825
4 0.7825833333333333 0.41825 0.012166666666666666 0.017
1 0.7881666666666667 0.4075 0.008666666666666666 0.0135
4 0.798 0.4085 0.010666666666666666 0.012
4 0.7935833333333333 0.401625 0.0075 0.01125
4 0.78925 0.394625 0.008833333333333334 0.01325
4 0.7850833333333334 0.361875 0.007833333333333333 0.01175
4 0.755 0.42375 0.013333333333333334 0.019
4 0.7671666666666667 0.4005 0.009666666666666667 0.017
4 0.7765833333333333 0.399625 0.008166666666666666 0.01425
4 0.776 0.37675 0.007666666666666666 0.012
4 0.7844166666666667 0.378125 0.007833333333333333 0.01475
4 0.7834166666666667 0.389625 0.005833333333333334 0.00775
4 0.777 0.387875 0.007333333333333333 0.00925
4 0.80925 0.439 0.013833333333333333 0.0195
4 0.673 0.404625 0.018333333333333333 0.02475
4 0.6711666666666667 0.42925 0.017333333333333333 0.0215
4 0.65 0.46425 0.008 0.0145
4 0.6571666666666667 0.463375 0.006333333333333333 0.01225
4 0.66975 0.458875 0.0105 0.01575
4 0.6603333333333333 0.44625 0.01633333333333333 0.0245
4 0.6060833333333333 0.41575 0.0155 0.023
4 0.49666666666666665 0.46725 0.004666666666666667 0.007
4 0.5369166666666667 0.51025 0.011833333333333333 0.018
4 0.5368333333333334 0.479 0.025 0.0335
1 0.532 0.446625 0.024333333333333332 0.03525
4 0.48875 0.550125 0.0105 0.01475
4 0.49041666666666667 0.64275 0.008833333333333334 0.0155
4 0.5025 0.642125 0.014666666666666666 0.02225
4 0.49416666666666664 0.62325 0.011 0.0235
4 0.4820833333333333 0.6225 0.013166666666666667 0.029
4 0.5174166666666666 0.67075 0.0185 0.025
4 0.5168333333333334 0.697875 0.015 0.02175
4 0.5516666666666666 0.74575 0.004 0.006
4 0.5453333333333333 0.747875 0.010666666666666666 0.01475
4 0.55525 0.710875 0.0095 0.01375
4 0.5455833333333333 0.601125 0.021166666666666667 0.02975
4 0.5599166666666666 0.589375 0.006833333333333334 0.00925
4 0.5875833333333333 0.599875 0.012166666666666666 0.01825
4 0.5599166666666666 0.632875 0.007166666666666667 0.01175
4 0.561 0.61275 0.008333333333333333 0.0135
1 0.5698333333333333 0.622875 0.018333333333333333 0.02875
4 0.5725 0.651125 0.008666666666666666 0.01225
4 0.6164166666666666 0.655375 0.016166666666666666 0.02425
4 0.5833333333333334 0.704625 0.01 0.01375
4 0.5803333333333334 0.714375 0.007666666666666666 0.00725
4 0.5805 0.72075 0.007666666666666666 0.0055
4 0.5714166666666667 0.7365 0.015833333333333335 0.0215
4 0.5818333333333333 0.787625 0.01633333333333333 0.02275
4 0.5951666666666666 0.822375 0.01 0.01525
4 0.6285 0.849375 0.007666666666666666 0.00975
4 0.5975 0.742125 0.007333333333333333 0.01075
4 0.6181666666666666 0.705625 0.010333333333333333 0.01525
4 0.6516666666666666 0.5455 0.013 0.019
4 0.6868333333333333 0.552625 0.015 0.02475
4 0.6991666666666667 0.554375 0.008333333333333333 0.01225
4 0.693 0.578375 0.009666666666666667 0.01375
4 0.698 0.588 0.008333333333333333 0.0115
4 0.6959166666666666 0.615375 0.006166666666666667 0.00875
4 0.6925833333333333 0.630625 0.0075 0.01025
4 0.7181666666666666 0.605 0.0036666666666666666 0.005
4 0.7050833333333333 0.625625 0.004166666666666667 0.00475
4 0.7309166666666667 0.600375 0.008166666666666666 0.01075
4 0.7281666666666666 0.543375 0.01 0.01575
1 0.70525 0.48675 0.017166666666666667 0.0255
4 0.71925 0.483625 0.003833333333333333 0.00475
4 0.72725 0.464375 0.0155 0.02375
4 0.7445833333333334 0.47275 0.0145 0.0195
4 0.747 0.483375 0.011666666666666667 0.01425
0 0.7711666666666667 0.456625 0.012 0.01875
4 0.7735 0.4785 0.011333333333333334 0.017
4 0.765 0.495 0.013 0.0195
4 0.8538333333333333 0.46275 0.011666666666666667 0.0165
4 0.8616666666666667 0.4795 0.008333333333333333 0.012
4 0.88825 0.488875 0.007166666666666667 0.00975
4 0.8618333333333333 0.496 0.007666666666666666 0.0115
4 0.8553333333333333 0.501 0.009 0.014
4 0.86725 0.503375 0.0045 0.00575
4 0.8645 0.509625 0.005 0.00675
4 0.8715 0.50425 0.005 0.008
4 0.861 0.52175 0.006333333333333333 0.008
4 0.8685 0.528125 0.008333333333333333 0.00975
4 0.8736666666666667 0.513125 0.006333333333333333 0.00675
4 0.87625 0.519375 0.008166666666666666 0.01075
4 0.8801666666666667 0.53075 0.008 0.0085
1 0.8714166666666666 0.53525 0.0065 0.009
4 0.8789166666666667 0.539 0.0085 0.0095
4 0.8819166666666667 0.546375 0.0075 0.00875
4 0.8795 0.553125 0.006 0.00575
4 0.8789166666666667 0.55925 0.004833333333333334 0.006
4 0.8710833333333333 0.550375 0.007833333333333333 0.01175
4 0.8620833333333333 0.54975 0.009166666666666667 0.0125
4 0.8525833333333334 0.549 0.0055 0.0105
1 0.8445833333333334 0.548625 0.009833333333333333 0.01625
4 0.9043333333333333 0.565625 0.010333333333333333 0.01625
4 0.8896666666666667 0.57225 0.010333333333333333 0.0115
4 0.8255833333333333 0.54425 0.009166666666666667 0.013
4 0.8183333333333334 0.564125 0.009333333333333334 0.01275
4 0.8235 0.572875 0.013666666666666667 0.01975
4 0.8359166666666666 0.575625 0.008833333333333334 0.01225
4 0.8500833333333333 0.574625 0.011833333333333333 0.01725
4 0.842 0.593625 0.012666666666666666 0.01775
4 0.88525 0.59825 0.005166666666666667 0.007
4 0.8839166666666667 0.604 0.0065 0.005
4 0.8803333333333333 0.609875 0.007 0.00825
4 0.895 0.62275 0.010333333333333333 0.014
4 0.8729166666666667 0.624125 0.0035 0.00425
4 0.8654166666666666 0.6315 0.0085 0.012
4 0.8845 0.635 0.006666666666666667 0.0085
4 0.8834166666666666 0.644375 0.004166666666666667 0.00425
4 0.87525 0.65575 0.009166666666666667 0.013
4 0.8294166666666667 0.665625 0.007166666666666667 0.01075
4 0.835 0.658625 0.012 0.00925
1 0.8348333333333333 0.646375 0.013666666666666667 0.01525
4 0.8253333333333334 0.61425 0.007333333333333333 0.0115
4 0.8088333333333333 0.623625 0.008333333333333333 0.01125
4 0.8048333333333333 0.64425 0.005 0.0065
4 0.76425 0.589625 0.009833333333333333 0.01375
4 0.6625833333333333 0.829625 0.012833333333333334 0.01775
4 0.643 0.781125 0.007333333333333333 0.01025
4 0.6640833333333334 0.797125 0.0085 0.01275
4 0.6900833333333334 0.8095 0.012833333333333334 0.0175
4 0.7134166666666667 0.837125 0.0095 0.01275
4 0.64875 0.721 0.004833333333333334 0.009
4 0.7048333333333333 0.6615 0.005333333333333333 0.007
4 0.70275 0.64975 0.015166666666666667 0.0225
4 0.71775 0.6565 0.009833333333333333 0.013
4 0.7073333333333334 0.674 0.0036666666666666666 0.005
4 0.6916666666666667 0.67625 0.002 0.0035
4 0.7223333333333334 0.689375 0.007333333333333333 0.01125
4 0.7284166666666667 0.700375 0.0045 0.00625
4 0.7553333333333333 0.68825 0.005333333333333333 0.0095
4 0.7598333333333334 0.68775 0.0036666666666666666 0.0095
4 0.76625 0.68725 0.008833333333333334 0.009
4 0.772 0.702875 0.012 0.01675
4 0.77775 0.7155 0.009833333333333333 0.0105
4 0.7706666666666667 0.7215 0.013333333333333334 0.0155
4 0.7651666666666667 0.73875 0.015333333333333332 0.023
1 0.74425 0.71075 0.012833333333333334 0.018
4 0.7988333333333333 0.744 0.009666666666666667 0.015
4 0.81175 0.734875 0.009833333333333333 0.01525
4 0.74 0.777375 0.006666666666666667 0.01025
4 0.7215833333333334 0.78425 0.005166666666666667 0.0085
4 0.7133333333333334 0.789375 0.010333333333333333 0.01725
4 0.7025 0.790375 0.0036666666666666666 0.00625
4 0.698 0.789375 0.004333333333333333 0.00575
4 0.6858333333333333 0.786125 0.006333333333333333 0.00825
4 0.6923333333333334 0.787375 0.006 0.00675
4 0.69575 0.78075 0.009833333333333333 0.012
4 0.6701666666666667 0.774 0.011666666666666667 0.0095
4 0.6693333333333333 0.763625 0.011333333333333334 0.01125
4 0.6594166666666667 0.74075 0.0105 0.0155
1 0.669 0.7395 0.008333333333333333 0.0155
1 0.6655833333333333 0.722 0.007833333333333333 0.0105
1 0.66025 0.72725 0.0085 0.0095
4 0.6539166666666667 0.721375 0.004833333333333334 0.00975
4 0.6586666666666666 0.7175 0.006333333333333333 0.01
4 0.6631666666666667 0.713 0.008333333333333333 0.0095
4 0.6598333333333334 0.702375 0.011333333333333334 0.01625
4 0.6693333333333333 0.70525 0.007666666666666666 0.01
4 0.6785 0.6995 0.006666666666666667 0.0095
4 0.669 0.6955 0.007333333333333333 0.006
4 0.6726666666666666 0.6915 0.010666666666666666 0.008
4 0.6740833333333334 0.683125 0.011833333333333333 0.01325
4 0.70175 0.704625 0.007166666666666667 0.00825
4 0.7023333333333334 0.714625 0.010666666666666666 0.01175
4 0.691 0.73525 0.005333333333333333 0.007
4 0.6890833333333334 0.742625 0.0055 0.00775
4 0.7013333333333334 0.7375 0.007333333333333333 0.01
4 0.69525 0.743 0.006833333333333334 0.0115
4 0.6943333333333334 0.755125 0.012 0.01225
4 0.7093333333333334 0.75875 0.006666666666666667 0.0085
4 0.7134166666666667 0.7685 0.0055 0.0095