4 0.5129166666666667 0.331875 0.021833333333333333 0.03375
4 0.5268333333333334 0.394875 0.019666666666666666 0.03125
4 0.57325 0.3075 0.014833333333333334 0.023
4 0.5834166666666667 0.299875 0.016166666666666666 0.01625
4 0.5871666666666666 0.30925 0.015666666666666666 0.016
4 0.5899166666666666 0.320625 0.015166666666666667 0.02025
4 0.636 0.248625 0.015 0.02875
4 0.6535 0.27225 0.017333333333333333 0.0255
2 0.62375 0.249125 0.010833333333333334 0.03025
2 0.5815833333333333 0.282 0.0215 0.023
2 0.5383333333333333 0.351125 0.018666666666666668 0.02775
2 0.5748333333333333 0.3285 0.0036666666666666666 0.007
2 0.5805 0.34475 0.012333333333333333 0.018
4 0.5969166666666667 0.35525 0.015166666666666667 0.022
2 0.5908333333333333 0.3715 0.016 0.0235
4 0.61875 0.36075 0.016833333333333332 0.0225
4 0.64875 0.317125 0.0185 0.02675
4 0.6730833333333334 0.300125 0.016833333333333332 0.02525
2 0.6659166666666667 0.28925 0.005166666666666667 0.0095
4 0.6164166666666666 0.382125 0.0145 0.02225
4 0.6104166666666667 0.38625 0.0135 0.023
4 0.6048333333333333 0.39925 0.005 0.0075
4 0.6013333333333334 0.4335 0.007333333333333333 0.012
4 0.6370833333333333 0.398125 0.0175 0.02625
2 0.6496666666666666 0.402375 0.004666666666666667 0.00875
4 0.6639166666666667 0.41625 0.0021666666666666666 0.0045
4 0.7048333333333333 0.39925 0.017333333333333333 0.026
4 0.68525 0.341875 0.014166666666666666 0.02325
4 0.696 0.35275 0.014666666666666666 0.0235
4 0.7026666666666667 0.33725 0.014 0.014
4 0.7030833333333333 0.325625 0.0145 0.01575
2 0.6983333333333334 0.31625 0.014333333333333333 0.0225
4 0.7150833333333333 0.293625 0.016833333333333332 0.02325
4 0.7145833333333333 0.31175 0.0115 0.0155
4 0.71775 0.32025 0.011166666666666667 0.0185
4 0.7258333333333333 0.321875 0.011333333333333334 0.01725
4 0.7270833333333333 0.3035 0.0165 0.0225
2 0.6705 0.326 0.004666666666666667 0.005
4 0.7403333333333333 0.344375 0.015 0.02525
4 0.74875 0.35125 0.015166666666666667 0.025
4 0.776 0.38975 0.016 0.0265
4 0.7680833333333333 0.382375 0.016166666666666666 0.02525
2 0.7585 0.370625 0.01 0.01725
2 0.80875 0.408875 0.0105 0.02575
4 0.8004166666666667 0.408375 0.011833333333333333 0.02725
4 0.8189166666666666 0.413625 0.012166666666666666 0.02225
2 0.81375 0.418375 0.011833333333333333 0.01925
2 0.7709166666666667 0.49425 0.006833333333333334 0.012
2 0.76175 0.530625 0.017833333333333333 0.02625
4 0.7545 0.560625 0.017 0.02075
4 0.7455 0.590375 0.018666666666666668 0.02575
4 0.7789166666666667 0.59375 0.020166666666666666 0.0315
2 0.7550833333333333 0.574375 0.016166666666666666 0.01575
4 0.59075 0.488125 0.0195 0.02975
4 0.5531666666666667 0.521625 0.014 0.02775
2 0.5429166666666667 0.519625 0.013833333333333333 0.02525
4 0.5275833333333333 0.547625 0.0175 0.02775
4 0.5106666666666667 0.5515 0.019333333333333334 0.0225
4 0.5095 0.571625 0.02 0.02025
4 0.5108333333333334 0.62475 0.020666666666666667 0.0305
4 0.5260833333333333 0.659625 0.005166666666666667 0.00725
4 0.5318333333333334 0.697375 0.018666666666666668 0.02775
4 0.555 0.765625 0.017 0.02525
4 0.6200833333333333 0.782375 0.015833333333333335 0.02175
4 0.5854166666666667 0.70075 0.0085 0.016
4 0.64725 0.77475 0.015833333333333335 0.025
4 0.6775833333333333 0.704 0.019166666666666665 0.028
4 0.6451666666666667 0.693875 0.015 0.02175
4 0.6848333333333333 0.5925 0.017 0.025
4 0.6984166666666667 0.563875 0.0055 0.00975
4 0.6941666666666667 0.54475 0.01633333333333333 0.024
4 0.6996666666666667 0.518625 0.017666666666666667 0.02625
4 0.6705 0.529 0.014333333333333333 0.026
2 0.6589166666666667 0.5325 0.013833333333333333 0.0245
2 0.7618333333333334 0.467625 0.018666666666666668 0.02875
2 0.6779166666666666 0.574125 0.016166666666666666 0.02275
2 0.67475 0.785875 0.0155 0.02525
2 0.6173333333333333 0.729625 0.013 0.02025
2 0.6378333333333334 0.703375 0.012666666666666666 0.01975
4 0.6258333333333334 0.620125 0.005 0.00725
4 0.5835 0.6035 0.015666666666666666 0.0235
4 0.6020833333333333 0.615 0.014833333333333334 0.0245
4 0.59175 0.6475 0.0135 0.02
2 0.5861666666666666 0.661625 0.013 0.01875
2 0.5964166666666667 0.633375 0.011833333333333333 0.01575
2 0.6621666666666667 0.63775 0.014 0.02
4 0.6446666666666667 0.640875 0.014 0.01825
4 0.6683333333333333 0.622375 0.0026666666666666666 0.00475
2 0.66175 0.617625 0.0145 0.02075