4 0.47358333333333336 0.427875 0.0055 0.00675
4 0.434 0.343125 0.017333333333333333 0.02525
4 0.43625 0.33025 0.004166666666666667 0.005
4 0.46016666666666667 0.38125 0.005666666666666667 0.011
4 0.46441666666666664 0.330125 0.015833333333333335 0.01875
4 0.459 0.362375 0.013666666666666667 0.02225
4 0.46358333333333335 0.359625 0.0125 0.01825
4 0.47091666666666665 0.364875 0.004166666666666667 0.00775
4 0.46241666666666664 0.4805 0.007166666666666667 0.011
2 0.466 0.47875 0.0033333333333333335 0.005
2 0.46016666666666667 0.494375 0.011333333333333334 0.01675
2 0.46775 0.438875 0.020833333333333332 0.03025
2 0.48175 0.34575 0.0125 0.0225
2 0.4703333333333333 0.3415 0.011333333333333334 0.014
2 0.4696666666666667 0.352375 0.012333333333333333 0.01425
4 0.4613333333333333 0.345125 0.009666666666666667 0.01425
4 0.494 0.347 0.014 0.023
4 0.5041666666666667 0.3325 0.016 0.025
4 0.5360833333333334 0.42325 0.0165 0.0225
4 0.5389166666666667 0.406375 0.0175 0.01675
4 0.551 0.3855 0.017666666666666667 0.0255
4 0.5595 0.3435 0.017333333333333333 0.0245
4 0.51625 0.2445 0.0185 0.0275
4 0.5105 0.25775 0.005 0.0085
4 0.5595 0.293125 0.01633333333333333 0.02525
4 0.5725 0.287875 0.012333333333333333 0.02275
4 0.5839166666666666 0.2855 0.0125 0.0195
4 0.5811666666666667 0.302625 0.01633333333333333 0.01675
4 0.58975 0.275375 0.0165 0.02125
4 0.5905 0.254125 0.019333333333333334 0.02025
4 0.5884166666666667 0.242 0.007166666666666667 0.0065
4 0.613 0.229625 0.019333333333333334 0.02725
4 0.6190833333333333 0.205875 0.0195 0.02575
4 0.6624166666666667 0.259125 0.0205 0.03175
2 0.5695833333333333 0.317375 0.015166666666666667 0.02075
2 0.4666666666666667 0.3185 0.015 0.013
2 0.46458333333333335 0.3055 0.0115 0.014
2 0.47475 0.303 0.009833333333333333 0.0145
2 0.48375 0.30325 0.013833333333333333 0.023
2 0.469 0.29275 0.014666666666666666 0.0105
2 0.5225833333333333 0.234 0.015833333333333335 0.025
2 0.64925 0.239125 0.019166666666666665 0.02975
2 0.6705833333333333 0.366 0.015166666666666667 0.0265
2 0.6821666666666667 0.3625 0.014333333333333333 0.024
2 0.7025833333333333 0.348875 0.018833333333333334 0.02875
2 0.7151666666666666 0.363625 0.02033333333333333 0.03125
2 0.5471666666666667 0.49225 0.019333333333333334 0.027
2 0.5950833333333333 0.52325 0.015166666666666667 0.0215
2 0.5976666666666667 0.51075 0.007666666666666666 0.0065
2 0.6015 0.48825 0.014333333333333333 0.0165
2 0.58825 0.480625 0.004166666666666667 0.00575
2 0.57625 0.48925 0.005166666666666667 0.005
2 0.5889166666666666 0.4135 0.012166666666666666 0.0215
2 0.5981666666666666 0.42875 0.010333333333333333 0.0185
2 0.60875 0.424375 0.010166666666666666 0.01675
4 0.60525 0.428625 0.008833333333333334 0.02225
4 0.5769166666666666 0.357375 0.013833333333333333 0.02375
4 0.588 0.362125 0.015666666666666666 0.02575
4 0.5955 0.375625 0.005 0.00575
4 0.6073333333333333 0.40375 0.016666666666666666 0.0255
4 0.6256666666666667 0.41875 0.017333333333333333 0.025
4 0.5583333333333333 0.45625 0.013 0.0265
4 0.5749166666666666 0.46625 0.0175 0.0245
4 0.5968333333333333 0.4745 0.013 0.02
4 0.605 0.471875 0.012 0.02025
4 0.5905 0.44525 0.006 0.0085
4 0.58675 0.441625 0.004166666666666667 0.00675
4 0.5906666666666667 0.43425 0.004666666666666667 0.0075
4 0.6644166666666667 0.413625 0.0175 0.02425
4 0.6805833333333333 0.397125 0.016833333333333332 0.01825
4 0.6801666666666667 0.38225 0.017666666666666667 0.0145
4 0.6558333333333334 0.35975 0.018 0.0275
4 0.6255 0.477 0.012 0.0195
4 0.6350833333333333 0.461125 0.0055 0.00725
4 0.64425 0.466375 0.0145 0.02425
4 0.6590833333333334 0.48075 0.016166666666666666 0.023
4 0.60725 0.52975 0.018166666666666668 0.0235
4 0.5605833333333333 0.55875 0.011166666666666667 0.013
4 0.6716666666666666 0.508875 0.005666666666666667 0.00425
4 0.6625 0.509625 0.014666666666666666 0.01825
4 0.65925 0.51525 0.0165 0.0165
4 0.6568333333333334 0.527125 0.017666666666666667 0.01775
4 0.66125 0.5475 0.016166666666666666 0.023
4 0.6324166666666666 0.542 0.013166666666666667 0.0205
2 0.6291666666666667 0.52825 0.006666666666666667 0.0075
2 0.6174166666666666 0.497 0.014833333333333334 0.0215
2 0.6344166666666666 0.498625 0.0145 0.01925
2 0.6423333333333333 0.517375 0.015333333333333332 0.01975
2 0.6399166666666667 0.538375 0.011166666666666667 0.01875
2 0.649 0.546625 0.014666666666666666 0.02075
2 0.6168333333333333 0.457625 0.014333333333333333 0.01675
2 0.626 0.456125 0.011 0.01925
2 0.682 0.499 0.013 0.024
2 0.675 0.4985 0.004666666666666667 0.007
2 0.6916666666666667 0.475625 0.008333333333333333 0.00975
2 0.6760833333333334 0.51875 0.015166666666666667 0.018
2 0.7199166666666666 0.55275 0.0175 0.014
2 0.722 0.56575 0.019 0.0175
2 0.7134166666666667 0.574625 0.0055 0.00775
2 0.7285 0.49425 0.01633333333333333 0.0215
2 0.76 0.539875 0.01633333333333333 0.02175
2 0.78 0.573 0.014 0.021
2 0.7418333333333333 0.466125 0.013333333333333334 0.02225
2 0.7894166666666667 0.546375 0.015833333333333335 0.02075
4 0.7511666666666666 0.460625 0.007 0.01025
4 0.7923333333333333 0.530875 0.01633333333333333 0.02425
4 0.7921666666666667 0.5105 0.021333333333333333 0.018
4 0.77325 0.51175 0.016166666666666666 0.022
4 0.75925 0.494125 0.014833333333333334 0.02175
4 0.7720833333333333 0.4885 0.017166666666666667 0.024
4 0.781 0.6035 0.017333333333333333 0.0235
4 0.8349166666666666 0.5915 0.0145 0.018
4 0.84025 0.564375 0.010166666666666666 0.01725
4 0.8429166666666666 0.54925 0.0065 0.015
4 0.7178333333333333 0.4145 0.019 0.0265
4 0.735 0.4 0.011666666666666667 0.0165
4 0.77025 0.44625 0.020833333333333332 0.031
4 0.8284166666666667 0.613 0.0105 0.0215
4 0.83425 0.607125 0.007166666666666667 0.02225
4 0.8194166666666667 0.616875 0.0045 0.00625
2 0.6148333333333333 0.695125 0.015666666666666666 0.02875
2 0.73275 0.65 0.017166666666666667 0.0275
2 0.74425 0.62975 0.016166666666666666 0.022
2 0.75 0.647 0.016 0.022
2 0.7776666666666666 0.637125 0.015666666666666666 0.02325
2 0.7750833333333333 0.666375 0.0185 0.02425
2 0.8054166666666667 0.554125 0.016166666666666666 0.02325
2 0.79475 0.493 0.018166666666666668 0.017
2 0.71725 0.521375 0.0135 0.01675
2 0.7 0.5295 0.013 0.0135
2 0.7329166666666667 0.44075 0.012833333333333334 0.0265
2 0.8154166666666667 0.5815 0.016166666666666666 0.019
2 0.8094166666666667 0.606125 0.0115 0.01825
2 0.8018333333333333 0.663875 0.014666666666666666 0.02125
4 0.7228333333333333 0.511375 0.01633333333333333 0.02175
4 0.6261666666666666 0.694375 0.013333333333333334 0.02925
4 0.6385 0.707625 0.02033333333333333 0.02925
4 0.7244166666666667 0.442 0.014833333333333334 0.0255
4 0.6960833333333334 0.50425 0.0145 0.0165
4 0.695 0.488125 0.015666666666666666 0.01525
4 0.6994166666666667 0.542875 0.017166666666666667 0.02075
4 0.7926666666666666 0.71075 0.015666666666666666 0.0285
4 0.8115 0.673625 0.022333333333333334 0.04475
2 0.6791666666666667 0.711125 0.019666666666666666 0.03175
2 0.6936666666666667 0.7185 0.019 0.03
2 0.6730833333333334 0.81175 0.021166666666666667 0.028
2 0.57725 0.692375 0.0195 0.02675
2 0.5435 0.677125 0.017666666666666667 0.02625
2 0.4846666666666667 0.717625 0.015666666666666666 0.02175
2 0.47591666666666665 0.71775 0.005833333333333334 0.009
2 0.49816666666666665 0.7385 0.016666666666666666 0.0185
2 0.4806666666666667 0.6125 0.021333333333333333 0.028
4 0.4756666666666667 0.596125 0.023666666666666666 0.02975
4 0.45958333333333334 0.693125 0.0185 0.02375
4 0.46341666666666664 0.706875 0.0175 0.02375
4 0.4800833333333333 0.694625 0.0155 0.02225
4 0.5213333333333333 0.68975 0.008 0.0125
4 0.5225 0.659375 0.020666666666666667 0.02825
4 0.506 0.691625 0.018666666666666668 0.02625
4 0.4980833333333333 0.75925 0.015833333333333335 0.0215
4 0.5060833333333333 0.750875 0.013833333333333333 0.02025
4 0.5154166666666666 0.7685 0.019833333333333335 0.027
4 0.556 0.694625 0.017666666666666667 0.02775
4 0.587 0.7095 0.019666666666666666 0.0285
4 0.5168333333333334 0.50125 0.014333333333333333 0.0305
2 0.4845833333333333 0.488875 0.020833333333333332 0.02475
2 0.49916666666666665 0.476875 0.018333333333333333 0.02775
2 0.5048333333333334 0.502875 0.015666666666666666 0.02825
2 0.48575 0.421125 0.004166666666666667 0.00625
4 0.5795833333333333 0.415625 0.011833333333333333 0.02125
2 0.569 0.456 0.009666666666666667 0.0195