1 0.7153333333333334 0.311875 0.027166666666666665 0.04375
1 0.7709166666666667 0.20125 0.023 0.03975
1 0.7294166666666667 0.407375 0.028333333333333332 0.04375
1 0.598 0.3605 0.010833333333333334 0.015
1 0.57925 0.38925 0.02666666666666667 0.035
1 0.72025 0.495 0.02666666666666667 0.04125
1 0.8079166666666666 0.704 0.021666666666666667 0.04625
1 0.6214166666666666 0.6445 0.009166666666666667 0.015
1 0.6215 0.676625 0.021166666666666667 0.02825
1 0.644 0.745875 0.016166666666666666 0.02325
1 0.6529166666666667 0.756375 0.0205 0.0275
1 0.6523333333333333 0.778875 0.0105 0.02575
2 0.481 0.682125 0.025 0.056
2 0.5194166666666666 0.746375 0.015 0.0275
2 0.5316666666666666 0.758 0.013833333333333333 0.02575
2 0.7864166666666667 0.7025 0.018333333333333333 0.04175
2 0.5375 0.37125 0.011166666666666667 0.01
5 0.6669166666666667 0.621 0.020166666666666666 0.03025
4 0.703 0.164 0.025 0.01925
4 0.805 0.256125 0.025666666666666667 0.04
4 0.6984166666666667 0.198125 0.0115 0.016
4 0.7071666666666667 0.208875 0.021833333333333333 0.034
4 0.6503333333333333 0.19375 0.009166666666666667 0.013
4 0.5676666666666667 0.27625 0.028166666666666666 0.041
4 0.6173333333333333 0.306625 0.008333333333333333 0.01375
4 0.6250833333333333 0.28075 0.024666666666666667 0.0335
4 0.6483333333333333 0.323375 0.013833333333333333 0.01975
4 0.6220833333333333 0.404625 0.006833333333333334 0.013
4 0.603 0.376125 0.018666666666666668 0.03225
4 0.5686666666666667 0.371 0.007166666666666667 0.01125
4 0.5365 0.35375 0.022333333333333334 0.03625
4 0.5593333333333333 0.3305 0.02033333333333333 0.0315
4 0.584 0.362375 0.017833333333333333 0.018
4 0.55775 0.40175 0.0235 0.03225
4 0.6509166666666667 0.423125 0.026166666666666668 0.03825
4 0.7690833333333333 0.399875 0.0235 0.03575
4 0.6525 0.452625 0.011166666666666667 0.016
4 0.6018333333333333 0.43475 0.021 0.0315
4 0.6101666666666666 0.458625 0.021833333333333333 0.0315
4 0.7605833333333333 0.47975 0.022333333333333334 0.03225
4 0.7423333333333333 0.523875 0.020666666666666667 0.03225
4 0.7168333333333333 0.522375 0.022333333333333334 0.0315
4 0.6894166666666667 0.553625 0.014333333333333333 0.02375
4 0.6714166666666667 0.54175 0.021 0.031
4 0.7198333333333333 0.573 0.02666666666666667 0.04
5 0.6443333333333333 0.718125 0.0115 0.02375
4 0.6280833333333333 0.505375 0.004333333333333333 0.00725
4 0.7385 0.4685 0.006 0.006
4 0.45758333333333334 0.573 0.013166666666666667 0.0305
4 0.4663333333333333 0.620125 0.010666666666666666 0.02075
4 0.5019166666666667 0.717875 0.007166666666666667 0.01375
4 0.5436666666666666 0.761625 0.0031666666666666666 0.0095
4 0.5380833333333334 0.74675 0.015833333333333335 0.02375
4 0.5575 0.749375 0.015166666666666667 0.01925
4 0.5586666666666666 0.76075 0.017 0.01975
4 0.5416666666666666 0.778 0.0105 0.0165
4 0.5601666666666667 0.79275 0.011666666666666667 0.02375
4 0.5689166666666666 0.78875 0.011333333333333334 0.02625
4 0.6225833333333334 0.83425 0.013166666666666667 0.0175
4 0.6376666666666667 0.829875 0.0045 0.0085
4 0.65175 0.826 0.014833333333333334 0.02425
4 0.6675833333333333 0.81375 0.017333333333333333 0.02825
4 0.7443333333333333 0.81975 0.015166666666666667 0.025
4 0.66575 0.787125 0.016166666666666666 0.02225
4 0.6630833333333334 0.772125 0.010166666666666666 0.013
4 0.6720833333333334 0.742875 0.019 0.0285
4 0.6559166666666667 0.721625 0.014333333333333333 0.02725
4 0.6346666666666667 0.7225 0.012166666666666666 0.01825
4 0.6375 0.703375 0.0185 0.013
4 0.6468333333333334 0.694125 0.015166666666666667 0.02325
4 0.6355 0.679375 0.011 0.02325
4 0.62425 0.692625 0.014 0.0165
4 0.7553333333333333 0.707625 0.027166666666666665 0.03925
4 0.8680833333333333 0.644125 0.0245 0.0375
4 0.8281666666666667 0.62 0.027333333333333334 0.03675
4 0.8220833333333334 0.6325 0.024666666666666667 0.03575
4 0.6796666666666666 0.61375 0.012833333333333334 0.0285
4 0.6730833333333334 0.591375 0.015166666666666667 0.02675
4 0.6595 0.586875 0.019666666666666666 0.033
4 0.654 0.61775 0.005666666666666667 0.00975
4 0.62275 0.591375 0.028333333333333332 0.0385
0 0.6185833333333334 0.3525 0.018166666666666668 0.029
0 0.57875 0.340875 0.02033333333333333 0.03
4 0.7815833333333333 0.207 0.017 0.0305
4 0.7310833333333333 0.323125 0.019666666666666666 0.033