4 0.5515833333333333 0.226125 0.025666666666666667 0.04075
4 0.6325833333333334 0.14125 0.008833333333333334 0.014
4 0.6855 0.1005 0.02266666666666667 0.03075
4 0.68225 0.144875 0.010833333333333334 0.019
4 0.6899166666666666 0.15375 0.023666666666666666 0.03525
1 0.7540833333333333 0.1455 0.020833333333333332 0.03875
4 0.789 0.195875 0.025 0.03825
4 0.7155833333333333 0.268 0.017833333333333333 0.0335
1 0.69925 0.257 0.024833333333333332 0.03975
4 0.6093333333333333 0.229625 0.0235 0.03375
4 0.6325833333333334 0.271375 0.013 0.02075
4 0.60175 0.255125 0.008833333333333334 0.01225
0 0.6038333333333333 0.3025 0.019333333333333334 0.0285
1 0.58275 0.310125 0.006166666666666667 0.01125
4 0.5878333333333333 0.323625 0.02033333333333333 0.033
4 0.5696666666666667 0.314625 0.017333333333333333 0.024
4 0.5526666666666666 0.3225 0.006833333333333334 0.01025
1 0.5659166666666666 0.338125 0.021 0.028
0 0.5635 0.28975 0.019833333333333335 0.02575
4 0.54325 0.28225 0.019666666666666666 0.02925
4 0.5220833333333333 0.304375 0.021833333333333333 0.03175
2 0.5231666666666667 0.322875 0.011166666666666667 0.011
4 0.5425 0.35225 0.022 0.03175
4 0.6075833333333334 0.35475 0.0075 0.015
4 0.5853333333333334 0.3715 0.006166666666666667 0.0105
4 0.58875 0.386375 0.02033333333333333 0.02575
4 0.5975 0.408 0.019833333333333335 0.03175
4 0.6386666666666667 0.400125 0.007666666666666666 0.0155
4 0.63725 0.372 0.0255 0.03775
4 0.7556666666666667 0.3435 0.024833333333333332 0.03825
1 0.7151666666666666 0.352 0.025 0.0405
4 0.7485 0.42575 0.021666666666666667 0.0325
4 0.726 0.414625 0.006 0.00825
4 0.7295833333333334 0.471625 0.021 0.03175
4 0.70475 0.46875 0.021333333333333333 0.0305
1 0.7079166666666666 0.437375 0.023333333333333334 0.03075
4 0.6164166666666666 0.45575 0.0065 0.007
4 0.44583333333333336 0.529125 0.012666666666666666 0.0295
4 0.45608333333333334 0.57625 0.01 0.02025
2 0.4713333333333333 0.6345 0.023166666666666665 0.05
2 0.50925 0.69925 0.014166666666666666 0.0225
2 0.5220833333333333 0.710625 0.013333333333333334 0.0195
4 0.49233333333333335 0.671875 0.009 0.01375
4 0.5355833333333333 0.715625 0.006 0.009
4 0.5274166666666666 0.700875 0.016666666666666666 0.0295
4 0.5485833333333333 0.715 0.017166666666666667 0.01275
4 0.5485 0.700375 0.017833333333333333 0.015
4 0.5325833333333333 0.730125 0.0115 0.0155
4 0.5595833333333333 0.741625 0.011833333333333333 0.023
4 0.5495833333333333 0.74375 0.007 0.0215
4 0.6149166666666667 0.785 0.012833333333333334 0.02
4 0.6304166666666666 0.78225 0.005 0.008
4 0.64325 0.77625 0.012666666666666666 0.02175
4 0.6590833333333334 0.762625 0.017833333333333333 0.024
4 0.6566666666666666 0.736875 0.015833333333333335 0.0225
4 0.66325 0.691875 0.016666666666666666 0.0275
4 0.6245833333333334 0.62925 0.013666666666666667 0.02575
4 0.6160833333333333 0.642 0.014833333333333334 0.0145
4 0.6368333333333334 0.644125 0.013833333333333333 0.02125
4 0.6468333333333334 0.671875 0.015333333333333332 0.02675
4 0.6315 0.674125 0.0135 0.0145
4 0.6253333333333333 0.668 0.011333333333333334 0.00875
4 0.62875 0.655 0.019 0.016
5 0.6360833333333333 0.668 0.011166666666666667 0.0195
1 0.6483333333333333 0.725625 0.019666666666666666 0.025
1 0.6430833333333333 0.703875 0.019833333333333335 0.024
1 0.63575 0.695125 0.018166666666666668 0.0245
1 0.61025 0.594375 0.009 0.0115
1 0.60975 0.625625 0.01633333333333333 0.02925
1 0.8004166666666667 0.6465 0.020166666666666666 0.03625
2 0.7801666666666667 0.647875 0.019833333333333335 0.0335
4 0.7465 0.654375 0.025666666666666667 0.0385
4 0.7360833333333333 0.766625 0.012166666666666666 0.0205
4 0.6115833333333334 0.5415 0.0255 0.037
4 0.661 0.488375 0.019 0.03025
4 0.6774166666666667 0.5005 0.012 0.019
4 0.6476666666666666 0.536625 0.017166666666666667 0.03075
4 0.6625 0.53975 0.013 0.025
4 0.6429166666666667 0.56925 0.006 0.00775
4 0.6676666666666666 0.561125 0.015666666666666666 0.02725
5 0.656 0.56675 0.018 0.0295
4 0.708 0.52025 0.025166666666666667 0.036
4 0.81825 0.5625 0.026333333333333334 0.03275
4 0.81225 0.575875 0.024166666666666666 0.0325
4 0.8584166666666667 0.5865 0.024833333333333332 0.0375
4 0.7665833333333333 0.147 0.014166666666666666 0.02375