3 0.51625 0.492625 0.009166666666666667 0.01775
3 0.4960833333333333 0.48675 0.043833333333333335 0.0815
4 0.5425 0.469875 0.02 0.02975
3 0.5505833333333333 0.45225 0.018166666666666668 0.029
3 0.5654166666666667 0.4315 0.009166666666666667 0.0155
3 0.5590833333333334 0.428625 0.0095 0.01675
3 0.5725 0.408125 0.011 0.01725
3 0.6001666666666666 0.389125 0.021333333333333333 0.03075
3 0.599 0.360625 0.011333333333333334 0.01725
3 0.606 0.336625 0.008333333333333333 0.01525
3 0.60975 0.335 0.0055 0.016
3 0.6145833333333334 0.33875 0.0075 0.0165
4 0.6219166666666667 0.3325 0.017833333333333333 0.029
4 0.6289166666666667 0.311625 0.018166666666666668 0.02675
3 0.601 0.303 0.017333333333333333 0.023
3 0.59775 0.286 0.020833333333333332 0.028
3 0.684 0.28525 0.011666666666666667 0.0175
4 0.6651666666666667 0.28025 0.02033333333333333 0.031
3 0.7000833333333333 0.2435 0.009166666666666667 0.017
3 0.72525 0.240375 0.0095 0.01525
3 0.7126666666666667 0.24 0.016 0.022
3 0.7381666666666666 0.225625 0.009666666666666667 0.01025
3 0.7375 0.235125 0.009 0.00925
3 0.7730833333333333 0.25475 0.009833333333333333 0.015
4 0.70925 0.25525 0.0175 0.0195
4 0.71325 0.271625 0.0175 0.02325
4 0.7166666666666667 0.2895 0.003 0.0045
4 0.7795833333333333 0.27025 0.0175 0.026
4 0.7633333333333333 0.239375 0.010666666666666666 0.02275
3 0.768 0.234875 0.009 0.01775
4 0.7540833333333333 0.256625 0.014166666666666666 0.01625
4 0.75375 0.244375 0.008166666666666666 0.01225
4 0.74475 0.242375 0.0115 0.01925
3 0.7535833333333334 0.2305 0.013166666666666667 0.015
3 0.7438333333333333 0.26025 0.013666666666666667 0.021
3 0.7560833333333333 0.277375 0.009166666666666667 0.01375
3 0.7450833333333333 0.289125 0.016166666666666666 0.02375
3 0.7678333333333334 0.288625 0.0026666666666666666 0.00475
3 0.7638333333333334 0.30425 0.010333333333333333 0.016
3 0.7223333333333334 0.306875 0.011333333333333334 0.01725
4 0.7874166666666667 0.284375 0.0185 0.02825
4 0.7048333333333333 0.31925 0.019666666666666666 0.0285
3 0.714 0.347 0.016 0.027
3 0.6993333333333334 0.342875 0.013666666666666667 0.02575
3 0.7885833333333333 0.348 0.012166666666666666 0.018
3 0.8208333333333333 0.343875 0.019 0.02825
4 0.8716666666666667 0.363125 0.018666666666666668 0.02725
3 0.81425 0.378625 0.005833333333333334 0.00775
3 0.8119166666666666 0.395375 0.010166666666666666 0.01525
4 0.83975 0.442375 0.018166666666666668 0.02775
3 0.7825833333333333 0.4905 0.0115 0.0175
3 0.8649166666666667 0.55075 0.010833333333333334 0.0165
3 0.8705833333333334 0.576625 0.010833333333333334 0.01525
3 0.7905 0.514875 0.019 0.02875
3 0.8246666666666667 0.5145 0.015 0.023
4 0.8539166666666667 0.505625 0.019166666666666665 0.02375
4 0.8353333333333334 0.491375 0.012666666666666666 0.02075
4 0.8491666666666666 0.48925 0.01 0.013
3 0.8434166666666667 0.491125 0.003833333333333333 0.01325
3 0.8561666666666666 0.486375 0.008333333333333333 0.01625
3 0.8500833333333333 0.475875 0.011166666666666667 0.01425
3 0.8393333333333334 0.477125 0.010666666666666666 0.01375
3 0.8508333333333333 0.52025 0.014333333333333333 0.013
3 0.8525 0.53525 0.014333333333333333 0.0185
3 0.835 0.5455 0.006 0.01
3 0.8445833333333334 0.560875 0.0115 0.01575
3 0.83225 0.558625 0.013833333333333333 0.01825
4 0.8400833333333333 0.54875 0.012833333333333334 0.015
4 0.83225 0.572 0.013833333333333333 0.014
3 0.8434166666666667 0.57275 0.010833333333333334 0.012
3 0.8325833333333333 0.58675 0.011166666666666667 0.015
3 0.6485833333333333 0.38475 0.011166666666666667 0.0175
3 0.6564166666666666 0.41325 0.011166666666666667 0.0175
3 0.573 0.5125 0.012 0.0175
3 0.5991666666666666 0.4965 0.011 0.017
3 0.6180833333333333 0.5325 0.011166666666666667 0.016
3 0.6390833333333333 0.539625 0.012166666666666666 0.01825
4 0.6003333333333334 0.462875 0.007666666666666666 0.01175
4 0.6059166666666667 0.429625 0.020833333333333332 0.02975
4 0.6434166666666666 0.44725 0.019166666666666665 0.029
4 0.66975 0.46775 0.020166666666666666 0.0305
3 0.7036666666666667 0.463625 0.02 0.02975
3 0.6929166666666666 0.48025 0.0115 0.018
3 0.6813333333333333 0.4835 0.011333333333333334 0.018
3 0.6813333333333333 0.5585 0.013333333333333334 0.019
3 0.67 0.526375 0.04833333333333333 0.06825
3 0.49275 0.605125 0.0115 0.01725
4 0.56875 0.588 0.020166666666666666 0.0305
4 0.59175 0.5855 0.0185 0.03
4 0.6221666666666666 0.586 0.017 0.0305
3 0.6081666666666666 0.584875 0.014333333333333333 0.03175
4 0.53175 0.661375 0.007833333333333333 0.01325
4 0.546 0.718375 0.006333333333333333 0.00925
4 0.5638333333333333 0.690875 0.017666666666666667 0.02225
4 0.5614166666666667 0.71025 0.012166666666666666 0.0215
4 0.5715 0.6985 0.01 0.009
4 0.5820833333333333 0.703875 0.011833333333333333 0.02075
4 0.57425 0.718375 0.013833333333333333 0.01425
4 0.5725833333333333 0.7065 0.0095 0.0135
4 0.5884166666666667 0.73625 0.016833333333333332 0.025
3 0.5696666666666667 0.73675 0.010333333333333333 0.016
3 0.5425 0.66725 0.017666666666666667 0.0265
3 0.5768333333333333 0.670125 0.01 0.01425
3 0.5743333333333334 0.665 0.01 0.006
3 0.5755 0.651 0.018333333333333333 0.0235
3 0.58675 0.6985 0.0135 0.02
3 0.5928333333333333 0.711375 0.008666666666666666 0.01325
3 0.5796666666666667 0.7255 0.014333333333333333 0.0215
3 0.5989166666666667 0.754 0.0165 0.0245
3 0.6128333333333333 0.731625 0.010333333333333333 0.01575
3 0.6510833333333333 0.7395 0.017166666666666667 0.0245
3 0.6621666666666667 0.71425 0.007666666666666666 0.015
3 0.6571666666666667 0.712375 0.007333333333333333 0.01225
3 0.6541666666666667 0.708125 0.009333333333333334 0.01425
3 0.6625 0.76125 0.015333333333333332 0.0235
4 0.664 0.80175 0.009 0.0125
4 0.6855833333333333 0.7965 0.012166666666666666 0.0245
4 0.69825 0.79425 0.012833333333333334 0.025
4 0.6914166666666667 0.676125 0.0175 0.02775
4 0.70675 0.67025 0.006833333333333334 0.01
4 0.7196666666666667 0.652125 0.017666666666666667 0.02675
3 0.7116666666666667 0.660875 0.011666666666666667 0.01875
3 0.70475 0.651875 0.0145 0.02475
3 0.742 0.61375 0.009 0.0185
3 0.7546666666666667 0.613875 0.01633333333333333 0.02825
3 0.8299166666666666 0.631 0.013166666666666667 0.014
3 0.8278333333333333 0.636625 0.012666666666666666 0.01075
4 0.8310833333333333 0.61525 0.016166666666666666 0.021
4 0.8255 0.646875 0.014 0.01575
4 0.823 0.655625 0.015666666666666666 0.01275
4 0.8229166666666666 0.668125 0.015166666666666667 0.01175
3 0.8341666666666666 0.708375 0.007666666666666666 0.01075
4 0.8305 0.7145 0.011333333333333334 0.0195
4 0.8211666666666667 0.68675 0.012 0.019
4 0.8105 0.688125 0.009333333333333334 0.01625
4 0.8046666666666666 0.679125 0.011333333333333334 0.01875
4 0.7991666666666667 0.676375 0.010666666666666666 0.01525
4 0.7913333333333333 0.6785 0.011333333333333334 0.0145
4 0.7991666666666667 0.661625 0.014333333333333333 0.01725
4 0.8150833333333334 0.7195 0.011833333333333333 0.018
4 0.81925 0.727625 0.0125 0.01775
3 0.81875 0.703 0.008166666666666666 0.012
3 0.8116666666666666 0.699625 0.006 0.00825
3 0.803 0.71725 0.008 0.012
3 0.8011666666666667 0.703 0.010666666666666666 0.0175
3 0.79175 0.690125 0.0105 0.01375
3 0.7681666666666667 0.69225 0.008333333333333333 0.015
3 0.7821666666666667 0.718625 0.006666666666666667 0.01225
3 0.77425 0.722375 0.0125 0.01925
3 0.7611666666666667 0.718 0.013333333333333334 0.02
4 0.7479166666666667 0.7335 0.009166666666666667 0.016
4 0.7444166666666666 0.7595 0.017166666666666667 0.022
4 0.7626666666666667 0.757125 0.012333333333333333 0.01675
4 0.7693333333333333 0.73125 0.013 0.0185
4 0.757 0.7375 0.012333333333333333 0.0195
4 0.763 0.74425 0.014666666666666666 0.0085
3 0.7441666666666666 0.773125 0.007666666666666666 0.00725
3 0.7515 0.7695 0.005666666666666667 0.014