3 0.330625 0.51475 0.01525 0.0105
3 0.44475 0.49866666666666665 0.0805 0.04033333333333333
3 0.447625 0.51975 0.01725 0.0095
4 0.478625 0.5415833333333333 0.02725 0.0195
3 0.49925 0.54675 0.0255 0.017166666666666667
3 0.525 0.5509166666666667 0.015 0.008166666666666666
3 0.524 0.5584166666666667 0.015 0.007166666666666667
3 0.548625 0.56125 0.01575 0.0105
4 0.289625 0.5620833333333334 0.01275 0.006166666666666667
3 0.287875 0.57275 0.02525 0.0165
4 0.24 0.5840833333333333 0.008 0.004833333333333334
4 0.3735 0.5856666666666667 0.029 0.019333333333333334
3 0.448125 0.57825 0.01625 0.010833333333333334
3 0.473 0.6010833333333333 0.016 0.010833333333333334
3 0.577125 0.5854166666666667 0.02925 0.0205
3 0.60425 0.5795833333333333 0.0165 0.0105
3 0.676125 0.5665 0.02775 0.02
3 0.66125 0.5723333333333334 0.0235 0.017
3 0.630625 0.5825833333333333 0.01475 0.008833333333333334
3 0.633125 0.5851666666666666 0.01475 0.006333333333333333
3 0.631375 0.5915833333333333 0.01325 0.0075
4 0.63925 0.5965 0.026 0.018333333333333333
4 0.66225 0.60075 0.024 0.0185
4 0.54 0.5968333333333333 0.0285 0.019666666666666666
4 0.507625 0.5968333333333333 0.00525 0.004666666666666667
4 0.502625 0.59725 0.00425 0.004833333333333334
4 0.384625 0.608 0.02875 0.018
4 0.25225 0.5988333333333333 0.018 0.013333333333333334
4 0.272375 0.5975 0.02225 0.017333333333333333
4 0.262375 0.6065 0.01975 0.009333333333333334
4 0.249 0.61125 0.0175 0.012166666666666666
4 0.26525 0.61725 0.0195 0.011833333333333333
4 0.236375 0.6284166666666666 0.02525 0.0165
3 0.23025 0.6104166666666667 0.015 0.009833333333333333
3 0.262375 0.6284166666666666 0.01275 0.008833333333333334
3 0.27275 0.6208333333333333 0.0185 0.014
3 0.223125 0.6415 0.02325 0.016
3 0.24975 0.6513333333333333 0.014 0.009666666666666667
3 0.301 0.6035 0.006 0.011
3 0.29725 0.6066666666666667 0.0135 0.009333333333333334
3 0.315375 0.6029166666666667 0.02175 0.016833333333333332
3 0.392875 0.6231666666666666 0.02675 0.014333333333333333
4 0.393625 0.6375833333333333 0.02925 0.016166666666666666
3 0.444625 0.6250833333333333 0.01575 0.0105
3 0.445375 0.6465 0.01725 0.011333333333333334
4 0.536625 0.6355833333333333 0.02625 0.0185
3 0.573375 0.6435833333333333 0.01575 0.010833333333333334
3 0.598625 0.6315 0.01625 0.011
3 0.707125 0.65025 0.01675 0.010833333333333334
4 0.705375 0.6310833333333333 0.02875 0.0195
4 0.1995 0.7126666666666667 0.0115 0.008666666666666666
4 0.331375 0.7190833333333333 0.02675 0.0175
3 0.238625 0.70475 0.02325 0.015166666666666667
3 0.2555 0.6896666666666667 0.025 0.016666666666666666
3 0.287 0.6873333333333334 0.0135 0.008333333333333333
3 0.28475 0.69125 0.014 0.006166666666666667
3 0.283625 0.697 0.01425 0.006666666666666667
3 0.442375 0.6909166666666666 0.01875 0.012833333333333334
3 0.467875 0.6739166666666667 0.06625 0.04783333333333333
4 0.525125 0.6653333333333333 0.02825 0.019666666666666666
3 0.5145 0.6788333333333333 0.0175 0.011
3 0.5215 0.6899166666666666 0.017 0.011166666666666667
3 0.541625 0.6975 0.02875 0.019666666666666666
4 0.68225 0.67575 0.0265 0.018833333333333334
4 0.714625 0.6829166666666666 0.00425 0.0025
4 0.744125 0.66975 0.01975 0.017166666666666667
4 0.731125 0.6766666666666666 0.02425 0.017333333333333333
3 0.657 0.67475 0.0235 0.0145
3 0.65825 0.6893333333333334 0.025 0.015666666666666666
3 0.70025 0.6910833333333334 0.0165 0.010833333333333334
3 0.753625 0.65975 0.01575 0.009166666666666667
3 0.76325 0.67125 0.018 0.0155
3 0.76525 0.6835833333333333 0.0145 0.0095
3 0.783875 0.6939166666666666 0.00975 0.0085
3 0.775 0.6941666666666667 0.008 0.008333333333333333
4 0.212375 0.7338333333333333 0.02375 0.014333333333333333
4 0.2185 0.7435 0.0245 0.015666666666666666
4 0.342125 0.7336666666666667 0.00625 0.005666666666666667
4 0.364 0.7391666666666666 0.025 0.010666666666666666
3 0.365 0.7458333333333333 0.024 0.011333333333333334
3 0.353875 0.7368333333333333 0.01975 0.011666666666666667
3 0.3595 0.7278333333333333 0.024 0.013666666666666667
4 0.770875 0.7025833333333333 0.01825 0.0115
4 0.76175 0.7135833333333333 0.0205 0.014166666666666666
4 0.77125 0.7119166666666666 0.012 0.009166666666666667
4 0.779625 0.72075 0.02175 0.011166666666666667
3 0.786125 0.7235833333333334 0.01525 0.010166666666666666
3 0.783625 0.7095833333333333 0.01725 0.011833333333333333
3 0.752125 0.7045 0.01925 0.013666666666666667
3 0.740375 0.7195833333333334 0.01375 0.009166666666666667
3 0.725375 0.7101666666666666 0.02325 0.015333333333333332
3 0.717625 0.73125 0.01575 0.010166666666666666
3 0.733625 0.7326666666666667 0.00375 0.0023333333333333335
3 0.767875 0.7325 0.01475 0.010333333333333333
4 0.7555 0.7405 0.0265 0.016666666666666666
4 0.744875 0.7515 0.02725 0.017333333333333333
3 0.683375 0.7623333333333333 0.01775 0.011666666666666667
3 0.41 0.75925 0.0175 0.009833333333333333
3 0.41325 0.7706666666666667 0.028 0.017
3 0.2565 0.7863333333333333 0.007 0.008333333333333333
3 0.26175 0.7924166666666667 0.014 0.006833333333333334
4 0.2675 0.7841666666666667 0.0225 0.016
3 0.29575 0.7833333333333333 0.015 0.008333333333333333
4 0.27775 0.8014166666666667 0.0175 0.013166666666666667
4 0.295 0.7924166666666667 0.0205 0.010166666666666666
4 0.291625 0.80025 0.01725 0.0115
4 0.303625 0.8043333333333333 0.02025 0.013666666666666667
3 0.314875 0.7940833333333334 0.01925 0.013166666666666667
3 0.316125 0.8075833333333333 0.01625 0.0125
3 0.321125 0.8144166666666667 0.01125 0.007166666666666667
3 0.342375 0.7969166666666667 0.01425 0.008166666666666666
4 0.338375 0.80475 0.02225 0.013833333333333333
4 0.352875 0.8085833333333333 0.01975 0.0135
4 0.382125 0.8229166666666666 0.01775 0.0135
4 0.36325 0.8173333333333334 0.012 0.011333333333333334
3 0.355875 0.8168333333333333 0.00725 0.006333333333333333
3 0.353125 0.8194166666666667 0.01475 0.0105
4 0.36875 0.82325 0.0145 0.011166666666666667
4 0.36775 0.8315 0.0175 0.010333333333333333
4 0.3575 0.83025 0.0025 0.0021666666666666666
4 0.331875 0.8473333333333334 0.01875 0.011666666666666667
4 0.325625 0.85275 0.01825 0.012166666666666666
4 0.342 0.86175 0.02 0.012833333333333334
3 0.349375 0.86425 0.01075 0.008166666666666666
3 0.34325 0.8305 0.017 0.010666666666666666
3 0.330375 0.83475 0.01125 0.0075
3 0.349625 0.8484166666666667 0.01075 0.0075
3 0.352 0.8413333333333334 0.0095 0.007333333333333333
4 0.3605 0.83825 0.015 0.0105
4 0.365375 0.8480833333333333 0.02075 0.012833333333333334
4 0.396875 0.8499166666666667 0.00825 0.006833333333333334
4 0.396 0.8420833333333333 0.015 0.0095
4 0.38625 0.8468333333333333 0.013 0.013
4 0.40725 0.84625 0.012 0.014166666666666666
3 0.415875 0.8466666666666667 0.00625 0.010333333333333333
3 0.4235 0.8479166666666667 0.0145 0.0135
4 0.4395 0.8470833333333333 0.0195 0.0155
4 0.467875 0.8435 0.01475 0.011
4 0.506125 0.8405 0.01575 0.008
4 0.5065 0.848 0.016 0.007
4 0.48175 0.8411666666666666 0.015 0.012
3 0.494375 0.8386666666666667 0.01875 0.012
3 0.4865 0.8500833333333333 0.016 0.010833333333333334
3 0.4985 0.8506666666666667 0.0125 0.011666666666666667
3 0.54325 0.7791666666666667 0.017 0.011666666666666667
3 0.52225 0.7906666666666666 0.027 0.019
3 0.6465 0.7928333333333333 0.0155 0.010333333333333333
3 0.663 0.7924166666666667 0.007 0.0055
3 0.699125 0.79275 0.02725 0.0185
4 0.698625 0.84575 0.02625 0.018166666666666668
4 0.61025 0.8278333333333333 0.0265 0.018666666666666668
3 0.53525 0.824 0.0215 0.015333333333333332
3 0.490625 0.8794166666666666 0.01375 0.009833333333333333
3 0.514 0.8695833333333334 0.015 0.0105
3 0.525125 0.8548333333333333 0.02025 0.014333333333333333
3 0.537875 0.8509166666666667 0.01325 0.0135
4 0.556875 0.8535833333333334 0.01775 0.0145
4 0.552 0.8508333333333333 0.0155 0.015333333333333332
4 0.568 0.84375 0.015 0.009833333333333333
4 0.561875 0.8303333333333334 0.01975 0.012
3 0.573125 0.8505833333333334 0.01525 0.008166666666666666
3 0.58025 0.84275 0.0145 0.012166666666666666
3 0.575875 0.8329166666666666 0.01375 0.0105
3 0.558875 0.8374166666666667 0.01175 0.007166666666666667
3 0.56775 0.8370833333333333 0.0075 0.0055