2 0.6101666666666666 0.718125 0.03333333333333333 0.04925
3 0.6038333333333333 0.530375 0.021333333333333333 0.0325
2 0.7638333333333334 0.287625 0.025 0.0375
2 0.6874166666666667 0.274375 0.022333333333333334 0.037
2 0.5875 0.17625 0.028666666666666667 0.04
2 0.5773333333333334 0.59875 0.008333333333333333 0.012
5 0.49733333333333335 0.454625 0.029333333333333333 0.043
5 0.5678333333333333 0.58425 0.024 0.034
1 0.5686666666666667 0.61825 0.025 0.035
1 0.6524166666666666 0.3845 0.025 0.028
0 0.6545833333333333 0.407 0.018666666666666668 0.017
1 0.7308333333333333 0.333375 0.02033333333333333 0.033
4 0.67025 0.134875 0.030666666666666665 0.0465
4 0.6181666666666666 0.18325 0.017333333333333333 0.031
4 0.6073333333333333 0.1925 0.013 0.0275
4 0.5845 0.21775 0.03 0.041
4 0.7513333333333333 0.144625 0.014666666666666666 0.022
4 0.8159166666666666 0.1545 0.023 0.0255
4 0.8586666666666667 0.24275 0.011666666666666667 0.017
4 0.8069166666666666 0.186 0.013 0.0205
4 0.7710833333333333 0.2055 0.014 0.0215
4 0.8059166666666666 0.2225 0.023 0.0325
4 0.7924166666666667 0.2475 0.016666666666666666 0.0305
4 0.8039166666666666 0.252625 0.008333333333333333 0.0255
4 0.81475 0.24925 0.013333333333333334 0.02
4 0.8119166666666666 0.269625 0.02033333333333333 0.0225
4 0.8406666666666667 0.260375 0.019666666666666666 0.028
4 0.8365 0.295125 0.023333333333333334 0.0325
4 0.8368333333333333 0.326375 0.021333333333333333 0.027
4 0.82025 0.310875 0.011666666666666667 0.02
4 0.8014166666666667 0.310875 0.024666666666666667 0.037
4 0.79475 0.291375 0.028 0.033
4 0.8641666666666666 0.37275 0.029333333333333333 0.0435
4 0.858 0.43275 0.015 0.0185
4 0.8466666666666667 0.458875 0.015 0.0235
4 0.7628333333333334 0.3725 0.015666666666666666 0.02
4 0.7705833333333333 0.344875 0.025 0.039
4 0.7516666666666667 0.335875 0.020666666666666667 0.038
4 0.7635 0.43225 0.03166666666666667 0.0475
0 0.6271666666666667 0.532375 0.024 0.0375
4 0.6198333333333333 0.289125 0.012666666666666666 0.0235
4 0.7073333333333334 0.22575 0.024 0.036
4 0.7126666666666667 0.259125 0.02266666666666667 0.0305
4 0.7298333333333333 0.272125 0.012333333333333333 0.0195
4 0.65825 0.6295 0.013333333333333334 0.0225
4 0.6764166666666667 0.63725 0.029 0.049
4 0.632 0.5535 0.015 0.0215
4 0.64025 0.584 0.015333333333333332 0.0225
4 0.6191666666666666 0.6145 0.012666666666666666 0.0215
4 0.5973333333333334 0.599 0.015 0.0165
4 0.5981666666666666 0.573 0.028 0.0345
4 0.5539166666666666 0.6445 0.025 0.0325
4 0.5369166666666667 0.6155 0.013666666666666667 0.0315
4 0.5509166666666667 0.6135 0.014333333333333333 0.0285
4 0.5429166666666667 0.5815 0.024333333333333332 0.0325
4 0.52975 0.56 0.004666666666666667 0.0075
4 0.52575 0.57675 0.013333333333333334 0.021
4 0.5185833333333333 0.548625 0.015 0.021
4 0.50175 0.562 0.009333333333333334 0.0155
4 0.5174166666666666 0.6055 0.015333333333333332 0.0245
4 0.488 0.582 0.014666666666666666 0.0255
4 0.4726666666666667 0.57875 0.016 0.017
4 0.47683333333333333 0.60475 0.027 0.032
4 0.6223333333333333 0.492125 0.024333333333333332 0.037
4 0.6083333333333333 0.500125 0.02033333333333333 0.025
4 0.5891666666666666 0.471125 0.016 0.021
4 0.5485833333333333 0.457625 0.015666666666666666 0.023
4 0.53325 0.484875 0.015666666666666666 0.0215
4 0.494 0.492375 0.014666666666666666 0.0215
4 0.4653333333333333 0.496125 0.015333333333333332 0.022
4 0.4746666666666667 0.454625 0.006666666666666667 0.011
4 0.45566666666666666 0.463875 0.025333333333333333 0.0335
4 0.4705 0.427 0.018333333333333333 0.036
4 0.44966666666666666 0.4285 0.022 0.036
4 0.4955 0.409 0.015666666666666666 0.023
4 0.4999166666666667 0.35125 0.033666666666666664 0.0465
4 0.5605833333333333 0.338125 0.015 0.0215
4 0.594 0.340875 0.013666666666666667 0.021
4 0.6165 0.389 0.011333333333333334 0.016
4 0.6 0.39225 0.013 0.0205
4 0.6091666666666666 0.417 0.026 0.036
4 0.6228333333333333 0.4045 0.008666666666666666 0.018
4 0.6168333333333333 0.44575 0.014 0.0175
4 0.6306666666666667 0.444 0.010333333333333333 0.012
4 0.6286666666666667 0.43025 0.009 0.0125
4 0.6395833333333333 0.4375 0.012 0.018
4 0.6385833333333333 0.40825 0.019333333333333334 0.0375
4 0.68475 0.44325 0.011666666666666667 0.0175
4 0.7153333333333334 0.41075 0.028 0.0405
4 0.7081666666666667 0.347375 0.019 0.035
4 0.6895833333333333 0.35475 0.021333333333333333 0.0345
4 0.66825 0.36425 0.02 0.0355
4 0.64125 0.3655 0.02266666666666667 0.032
4 0.66575 0.339125 0.006333333333333333 0.0155
4 0.6565833333333333 0.338375 0.01 0.017
4 0.6470833333333333 0.295375 0.012333333333333333 0.014
4 0.6524166666666666 0.314625 0.023666666666666666 0.0285
4 0.6369166666666667 0.278625 0.028 0.0455
4 0.6834166666666667 0.312125 0.009666666666666667 0.0115
4 0.6845833333333333 0.301375 0.011333333333333334 0.013
4 0.67475 0.309125 0.010333333333333333 0.0155
4 0.6715833333333333 0.272875 0.018 0.029
4 0.6669166666666667 0.294875 0.02 0.029
4 0.7025 0.316875 0.011666666666666667 0.018
4 0.7103333333333334 0.303125 0.009333333333333334 0.0135
4 0.719 0.290875 0.011333333333333334 0.014
4 0.7251666666666666 0.301875 0.007666666666666666 0.012
4 0.7203333333333334 0.309375 0.008666666666666666 0.013
4 0.732 0.305375 0.011333333333333334 0.016