5 0.5490833333333334 0.376 0.022166666666666668 0.0325
5 0.6154166666666666 0.26625 0.018166666666666668 0.028
5 0.6053333333333333 0.277125 0.019666666666666666 0.03125
4 0.5985 0.30925 0.020666666666666667 0.03
4 0.6961666666666667 0.2305 0.019 0.0285
5 0.7043333333333334 0.27725 0.021666666666666667 0.0315
4 0.7564166666666666 0.2375 0.0175 0.0255
4 0.78175 0.249 0.0135 0.015
4 0.7813333333333333 0.26525 0.014 0.0175
4 0.7973333333333333 0.2635 0.013333333333333334 0.0215
4 0.7936666666666666 0.257625 0.010666666666666666 0.02275
5 0.81375 0.279875 0.006833333333333334 0.00925
4 0.81075 0.291625 0.0135 0.02125
4 0.7876666666666666 0.307625 0.01633333333333333 0.02325
4 0.8065 0.308625 0.013666666666666667 0.02025
4 0.82625 0.313625 0.0155 0.02425
4 0.8525833333333334 0.341875 0.0145 0.02075
4 0.84975 0.381875 0.016166666666666666 0.02225
5 0.85075 0.360625 0.0165 0.02025
4 0.798 0.397875 0.01633333333333333 0.02475
4 0.7823333333333333 0.357125 0.004 0.00525
4 0.74825 0.343625 0.0055 0.00675
4 0.7459166666666667 0.359125 0.0155 0.02275
4 0.76475 0.37375 0.0145 0.022
5 0.7640833333333333 0.344625 0.0175 0.02625
4 0.6779166666666666 0.362 0.0185 0.0275
4 0.6544166666666666 0.388125 0.017833333333333333 0.02725
4 0.6346666666666667 0.385375 0.015666666666666666 0.02475
4 0.5054166666666666 0.44075 0.0045 0.0115
4 0.5144166666666666 0.453625 0.0185 0.02075
5 0.5155 0.432625 0.020666666666666667 0.02625
4 0.581 0.45475 0.017666666666666667 0.0265
4 0.5938333333333333 0.43725 0.017333333333333333 0.0285
4 0.59675 0.396625 0.019166666666666665 0.02775
4 0.6335833333333334 0.422125 0.017166666666666667 0.02225
5 0.6353333333333333 0.4415 0.017333333333333333 0.0235
5 0.6999166666666666 0.44325 0.005833333333333334 0.0075
4 0.6666666666666666 0.432875 0.015 0.02375
4 0.6861666666666667 0.38575 0.0033333333333333335 0.006
4 0.6966666666666667 0.416 0.015666666666666666 0.024
4 0.7615 0.413875 0.0036666666666666666 0.00575
4 0.7479166666666667 0.391625 0.0145 0.02125
4 0.75525 0.400375 0.0125 0.02025
5 0.746 0.41225 0.015666666666666666 0.0195
5 0.7451666666666666 0.43075 0.013333333333333334 0.018
4 0.7543333333333333 0.435625 0.012333333333333333 0.02025
4 0.731 0.42675 0.012666666666666666 0.021
4 0.7205833333333334 0.4435 0.014833333333333334 0.023
4 0.7828333333333334 0.430625 0.014333333333333333 0.02225
5 0.8203333333333334 0.422375 0.017 0.02725
5 0.86925 0.413 0.015833333333333335 0.025
5 0.8825 0.420875 0.009 0.00925
5 0.8845833333333334 0.408875 0.0135 0.01875
5 0.8795833333333334 0.433125 0.013833333333333333 0.01575
5 0.8981666666666667 0.438625 0.0026666666666666666 0.00575
5 0.8911666666666667 0.450875 0.014666666666666666 0.02175
4 0.8931666666666667 0.4265 0.013 0.02
4 0.8934166666666666 0.441625 0.008166666666666666 0.00975
4 0.90325 0.446375 0.009833333333333333 0.02025
4 0.9061666666666667 0.46175 0.01633333333333333 0.0235
4 0.9195 0.47375 0.017666666666666667 0.0255
4 0.8530833333333333 0.47875 0.008833333333333334 0.015
4 0.8025833333333333 0.472375 0.010833333333333334 0.02125
5 0.7941666666666667 0.469625 0.013 0.02425
4 0.7816666666666666 0.468 0.012666666666666666 0.0215
5 0.7729166666666667 0.456875 0.003833333333333333 0.00625
4 0.76725 0.47125 0.013166666666666667 0.021
4 0.7579166666666667 0.4885 0.014833333333333334 0.0225
4 0.7759166666666667 0.5005 0.015833333333333335 0.0245
5 0.8020833333333334 0.5055 0.018166666666666668 0.027
4 0.7305 0.4535 0.013 0.0205
4 0.674 0.456875 0.016666666666666666 0.02525
4 0.6415 0.467625 0.015 0.02275
5 0.49925 0.4785 0.019166666666666665 0.0305
5 0.5713333333333334 0.498875 0.019666666666666666 0.02725
4 0.4866666666666667 0.538625 0.004333333333333333 0.00575
4 0.48891666666666667 0.58025 0.017166666666666667 0.024
4 0.5678333333333333 0.526875 0.004666666666666667 0.00675
4 0.6216666666666667 0.523625 0.016666666666666666 0.02375
4 0.6939166666666666 0.47775 0.014833333333333334 0.022
4 0.6815833333333333 0.513125 0.0045 0.00675
4 0.6765833333333333 0.492125 0.014166666666666666 0.02275
4 0.6848333333333333 0.499625 0.013 0.02175
4 0.7105833333333333 0.520125 0.014833333333333334 0.02175
4 0.7050833333333333 0.53975 0.0155 0.022
5 0.7299166666666667 0.5085 0.0165 0.026
4 0.8324166666666667 0.522625 0.0025 0.00375
5 0.9105833333333333 0.59425 0.0215 0.032
5 0.8471666666666666 0.626 0.005666666666666667 0.0075
5 0.84 0.640625 0.02266666666666667 0.03425
4 0.82325 0.615375 0.019166666666666665 0.02925
4 0.48391666666666666 0.6035 0.012833333333333334 0.0225
4 0.4945 0.60275 0.008666666666666666 0.021
4 0.5001666666666666 0.609875 0.014 0.02275
5 0.5145833333333333 0.593 0.0185 0.0275
4 0.5738333333333333 0.582 0.017 0.0235
4 0.5585833333333333 0.601875 0.015833333333333335 0.02425
4 0.57075 0.61275 0.015166666666666667 0.022
4 0.5746666666666667 0.63475 0.015333333333333332 0.0205
5 0.58 0.647 0.01633333333333333 0.024
4 0.594 0.6455 0.011333333333333334 0.0185
4 0.61 0.659125 0.014666666666666666 0.02225
4 0.6055833333333334 0.6445 0.011833333333333333 0.019
4 0.5986666666666667 0.6285 0.012666666666666666 0.0195
4 0.5970833333333333 0.60325 0.0155 0.0215
4 0.6155 0.5625 0.016 0.0235
4 0.6315833333333334 0.56125 0.015833333333333335 0.024
5 0.6733333333333333 0.54425 0.015333333333333332 0.0245
5 0.6933333333333334 0.57975 0.019 0.024
4 0.7726666666666666 0.5745 0.018 0.027
4 0.4890833333333333 0.657 0.0145 0.0225
5 0.49333333333333335 0.6765 0.014 0.0165
4 0.49625 0.664375 0.010166666666666666 0.01025
4 0.5073333333333333 0.668 0.013333333333333334 0.0215
5 0.5101666666666667 0.6975 0.010333333333333333 0.016
5 0.5604166666666667 0.712 0.016166666666666666 0.0245
4 0.5031666666666667 0.725 0.01 0.02
4 0.5131666666666667 0.723625 0.01 0.01975
4 0.5246666666666666 0.725125 0.012333333333333333 0.01975
4 0.5179166666666667 0.74125 0.012833333333333334 0.0205
4 0.5118333333333334 0.75875 0.011 0.0165
4 0.5265833333333333 0.75725 0.010166666666666666 0.0155
5 0.5241666666666667 0.772875 0.011666666666666667 0.01775
5 0.5345833333333333 0.7725 0.0085 0.022
5 0.5374166666666667 0.797625 0.012833333333333334 0.02075
4 0.5436666666666666 0.772125 0.009666666666666667 0.02075
4 0.57375 0.761375 0.005166666666666667 0.00925
4 0.6160833333333333 0.618875 0.011833333333333333 0.01875
4 0.63275 0.627375 0.013833333333333333 0.02125
4 0.6490833333333333 0.61525 0.012166666666666666 0.0235
5 0.6545833333333333 0.630125 0.0045 0.00725
5 0.6616666666666666 0.622 0.013333333333333334 0.0205
4 0.6620833333333334 0.608375 0.0145 0.01875
4 0.6918333333333333 0.622875 0.01633333333333333 0.02525
4 0.7183333333333334 0.60375 0.017 0.026
4 0.744 0.647375 0.014333333333333333 0.02425
4 0.76625 0.6515 0.0165 0.024
4 0.7783333333333333 0.65825 0.005 0.009
4 0.804 0.6805 0.016666666666666666 0.031
4 0.793 0.68675 0.010666666666666666 0.0275
4 0.7825833333333333 0.687125 0.010166666666666666 0.02925
4 0.7839166666666667 0.708125 0.006833333333333334 0.01225
4 0.7723333333333333 0.715625 0.017 0.02775
4 0.7604166666666666 0.7255 0.0165 0.027
4 0.76675 0.687125 0.014833333333333334 0.02425
4 0.753 0.682625 0.013 0.01875
4 0.751 0.691875 0.015666666666666666 0.02025
5 0.69675 0.696875 0.0165 0.02575
5 0.7195833333333334 0.691625 0.0025 0.00375
5 0.7369166666666667 0.696875 0.005833333333333334 0.00775
5 0.7351666666666666 0.711375 0.015333333333333332 0.02325
5 0.7299166666666667 0.7405 0.0195 0.026
4 0.7263333333333334 0.718 0.013666666666666667 0.019
4 0.7204166666666667 0.704375 0.016166666666666666 0.02075
4 0.7073333333333334 0.728625 0.017 0.02725
4 0.6645833333333333 0.734625 0.014166666666666666 0.02275
4 0.67525 0.737875 0.012166666666666666 0.02275
4 0.6790833333333334 0.743625 0.012833333333333334 0.02075
4 0.67025 0.772 0.012833333333333334 0.0255
4 0.6614166666666667 0.77475 0.012833333333333334 0.029
4 0.64625 0.74225 0.015166666666666667 0.021
5 0.63875 0.756875 0.012166666666666666 0.01725
4 0.6401666666666667 0.771125 0.004666666666666667 0.00825
4 0.646 0.763375 0.014333333333333333 0.02025
4 0.62275 0.75975 0.0145 0.0235
5 0.6135833333333334 0.770625 0.015166666666666667 0.02525
5 0.59375 0.740875 0.0155 0.02625
5 0.5785833333333333 0.834 0.0145 0.023
4 0.552 0.79925 0.011 0.0185
4 0.5653333333333334 0.798625 0.010333333333333333 0.01925
4 0.5699166666666666 0.81225 0.0105 0.0135
5 0.5709166666666666 0.801125 0.010833333333333334 0.01375
5 0.581 0.786 0.005 0.0135
5 0.5831666666666667 0.7975 0.011 0.0115
5 0.5816666666666667 0.811375 0.013 0.01575
4 0.5858333333333333 0.785875 0.004666666666666667 0.01225
4 0.5744166666666667 0.790875 0.0075 0.00775
4 0.577 0.783375 0.009333333333333334 0.01325
4 0.61875 0.815125 0.017833333333333333 0.02425
4 0.6123333333333333 0.853125 0.015 0.02275
4 0.6075 0.87325 0.011666666666666667 0.019
4 0.625 0.8695 0.01 0.0245
4 0.6168333333333333 0.8715 0.007 0.0215
4 0.668 0.90125 0.019 0.016