0 0.571583333333333 0.535375 0.00783333333333333 0.00975
0 0.28575 0.522375 0.00916666666666667 0.00725
0 0.350416666666667 0.507875 0.00883333333333333 0.01075
0 0.35575 0.509375 0.0085 0.01475
0 0.36025 0.513125 0.0055 0.01725
0 0.37025 0.526125 0.00683333333333333 0.01325
0 0.371583333333333 0.513375 0.0075 0.01425
0 0.344583333333333 0.565625 0.00983333333333333 0.00925
0 0.322583333333333 0.562875 0.00483333333333333 0.01675
0 0.342416666666667 0.576125 0.00516666666666667 0.01675
0 0.361583333333333 0.604875 0.00816666666666667 0.01375
0 0.353583333333333 0.616625 0.00983333333333333 0.00825
0 0.347583333333333 0.625125 0.0075 0.01325
0 0.305916666666667 0.600125 0.00983333333333333 0.00725
0 0.306083333333333 0.610625 0.0101666666666667 0.00725
0 0.321916666666667 0.613625 0.0095 0.00875
0 0.331083333333333 0.607875 0.00583333333333333 0.01275
0 0.328083333333333 0.624125 0.0095 0.00775
0 0.326916666666667 0.648875 0.0101666666666667 0.00975
0 0.396416666666667 0.663625 0.0151666666666667 0.00975
0 0.393916666666667 0.654875 0.0095 0.00825
0 0.441083333333333 0.688375 0.0095 0.01075
0 0.425916666666667 0.678375 0.0085 0.01075
0 0.427083333333333 0.688375 0.00983333333333333 0.01075
0 0.421583333333333 0.698375 0.0118333333333333 0.00775
0 0.41575 0.688875 0.00883333333333333 0.00925
0 0.408916666666667 0.676875 0.00816666666666667 0.01225
0 0.399583333333333 0.695875 0.0065 0.01425
0 0.39625 0.682875 0.00483333333333333 0.01525
0 0.38075 0.728625 0.00983333333333333 0.01175
0 0.370916666666667 0.729625 0.00416666666666667 0.01775
0 0.371916666666667 0.751625 0.0105 0.00675
0 0.36925 0.752125 0.00783333333333333 0.01425
0 0.403083333333333 0.758875 0.00583333333333333 0.01575
0 0.421083333333333 0.746125 0.0095 0.01125
0 0.412916666666667 0.773625 0.0101666666666667 0.00975
0 0.412083333333333 0.760125 0.00516666666666667 0.01725
0 0.416416666666667 0.750125 0.00516666666666667 0.01825
0 0.404916666666667 0.785625 0.0095 0.01175
0 0.40525 0.799625 0.0101666666666667 0.00825
0 0.412916666666667 0.798125 0.00816666666666667 0.01375
0 0.42675 0.792875 0.0065 0.01525
0 0.444416666666667 0.808375 0.00616666666666667 0.01575
0 0.454583333333333 0.807125 0.00616666666666667 0.01625
0 0.472416666666667 0.780375 0.00516666666666667 0.01625
0 0.466416666666667 0.784125 0.00516666666666667 0.01775
0 0.490916666666667 0.797125 0.00816666666666667 0.01475
0 0.516583333333333 0.804875 0.00716666666666667 0.01425
0 0.526083333333333 0.811875 0.00583333333333333 0.01425
0 0.501583333333333 0.832375 0.0085 0.01025
0 0.519416666666667 0.833875 0.00616666666666667 0.01675
0 0.51525 0.848625 0.00983333333333333 0.00975
0 0.47725 0.841125 0.00583333333333333 0.01525
0 0.483916666666667 0.848375 0.00683333333333333 0.01475
0 0.538916666666667 0.859375 0.00583333333333333 0.01675
0 0.594916666666667 0.870125 0.0108333333333333 0.00825
0 0.61475 0.851875 0.0075 0.01475
0 0.616583333333333 0.829375 0.00516666666666667 0.01575
0 0.63475 0.854375 0.00583333333333333 0.01475
0 0.583916666666667 0.796375 0.0101666666666667 0.00925
0 0.523083333333333 0.764125 0.00916666666666667 0.01125
0 0.50375 0.768375 0.00916666666666667 0.01125
0 0.486583333333333 0.760375 0.00783333333333333 0.01175
0 0.49725 0.742375 0.00916666666666667 0.00675
0 0.505416666666667 0.760875 0.0095 0.00625
0 0.552583333333333 0.766875 0.00716666666666667 0.01275
0 0.546083333333333 0.751375 0.00683333333333333 0.01325
0 0.540916666666667 0.729875 0.00916666666666667 0.00975
0 0.544083333333333 0.741125 0.00916666666666667 0.00925
0 0.607416666666667 0.767125 0.0101666666666667 0.00675
0 0.619916666666667 0.754625 0.0095 0.00775
0 0.639916666666667 0.746375 0.00983333333333333 0.00825
0 0.636083333333333 0.791625 0.0055 0.01725
0 0.64825 0.797625 0.0075 0.01575
0 0.655416666666667 0.791625 0.0095 0.00825
0 0.685583333333333 0.794375 0.00416666666666667 0.01775
0 0.696416666666667 0.801375 0.0105 0.01075
0 0.714916666666667 0.760875 0.00616666666666667 0.01675
0 0.735083333333333 0.765375 0.0111666666666667 0.00925
0 0.738083333333333 0.758375 0.00983333333333333 0.00875
0 0.75125 0.751375 0.0115 0.00825
0 0.701583333333333 0.750375 0.0101666666666667 0.00725
0 0.717583333333333 0.715375 0.00883333333333333 0.01025
0 0.693083333333333 0.701125 0.00783333333333333 0.01125
0 0.68325 0.708875 0.00616666666666667 0.01325
0 0.648583333333333 0.710375 0.0085 0.01025
0 0.638583333333333 0.686625 0.00616666666666667 0.01325
0 0.62575 0.674625 0.0085 0.01025
0 0.65525 0.675375 0.00783333333333333 0.01125
0 0.680416666666667 0.658875 0.00583333333333333 0.01375
0 0.706583333333333 0.668375 0.0075 0.01175
0 0.701583333333333 0.654625 0.00516666666666667 0.01425
0 0.696583333333333 0.651875 0.00883333333333333 0.00925
0 0.682583333333333 0.633625 0.00783333333333333 0.01375
0 0.72575 0.635375 0.00483333333333333 0.01675
0 0.755083333333333 0.660625 0.0085 0.01325
0 0.763916666666667 0.688875 0.00483333333333333 0.01475
0 0.77475 0.696875 0.0118333333333333 0.00775
0 0.817916666666667 0.632375 0.00783333333333333 0.01325
0 0.81375 0.622375 0.00983333333333333 0.00975
0 0.794416666666667 0.607375 0.00983333333333333 0.00975
0 0.79675 0.598625 0.0101666666666667 0.00975
0 0.78525 0.577375 0.0101666666666667 0.01375
0 0.77675 0.573875 0.0101666666666667 0.01375
0 0.71375 0.610125 0.0095 0.01225
0 0.722583333333333 0.594625 0.0115 0.00775
0 0.724583333333333 0.575375 0.0055 0.01675
0 0.719416666666667 0.570375 0.00516666666666667 0.01625
0 0.70375 0.586625 0.00683333333333333 0.01375
0 0.702583333333333 0.580125 0.00983333333333333 0.00875
0 0.68475 0.586875 0.00583333333333333 0.01625
0 0.675083333333333 0.597125 0.0101666666666667 0.00925
0 0.705916666666667 0.554625 0.0075 0.01425
0 0.671916666666667 0.562625 0.00916666666666667 0.01225
0 0.641083333333333 0.635125 0.0055 0.01275
0 0.40825 0.477375 0.0045 0.01575
0 0.424916666666667 0.439625 0.0045 0.01725
0 0.393583333333333 0.470875 0.00983333333333333 0.00675
0 0.38525 0.461375 0.0045 0.01625
0 0.366083333333333 0.568625 0.00616666666666667 0.01225
0 0.423916666666667 0.591625 0.00483333333333333 0.01375
0 0.431583333333333 0.602625 0.00516666666666667 0.01425
0 0.42525 0.630875 0.0105 0.01025
0 0.441583333333333 0.636375 0.0101666666666667 0.00625
0 0.486583333333333 0.570125 0.0085 0.01125
0 0.43875 0.721875 0.00983333333333333 0.01025
0 0.39975 0.295375 0.00983333333333333 0.01575
0 0.50825 0.226125 0.00783333333333333 0.01675
0 0.473916666666667 0.274625 0.00983333333333333 0.01075
0 0.47925 0.368625 0.00816666666666667 0.01575
0 0.61525 0.349125 0.00583333333333333 0.01725
0 0.61525 0.367875 0.0108333333333333 0.01275
0 0.358583333333333 0.370375 0.0115 0.00925
0 0.36725 0.375375 0.0111666666666667 0.00875
0 0.380583333333333 0.367125 0.0045 0.01275
0 0.363583333333333 0.398125 0.0111666666666667 0.00775
0 0.34375 0.328625 0.0115 0.00925
0 0.343916666666667 0.335375 0.0115 0.01125
0 0.334916666666667 0.427625 0.0111666666666667 0.01025
0 0.343416666666667 0.449375 0.00883333333333333 0.01175
0 0.35825 0.443375 0.0118333333333333 0.00925
0 0.35275 0.440875 0.00783333333333333 0.01725
0 0.318916666666667 0.446125 0.00916666666666667 0.01075
0 0.343916666666667 0.496125 0.0111666666666667 0.00875
0 0.372416666666667 0.444375 0.00516666666666667 0.01525
0 0.397583333333333 0.429375 0.00516666666666667 0.01925
0 0.49475 0.635125 0.00516666666666667 0.01825
0 0.504416666666667 0.678625 0.0125 0.01275
0 0.491416666666667 0.608375 0.00683333333333333 0.01825
0 0.545083333333333 0.642625 0.0115 0.00825
0 0.50775 0.574875 0.00516666666666667 0.01625
0 0.55925 0.584125 0.00516666666666667 0.01725
0 0.506916666666667 0.714875 0.00683333333333333 0.01625
0 0.36425 0.649375 0.0075 0.01775
0 0.565583333333333 0.618625 0.00616666666666667 0.01725
0 0.70275 0.313625 0.00483333333333333 0.01725
0 0.677083333333333 0.368875 0.00483333333333333 0.01475
0 0.724916666666667 0.449625 0.0101666666666667 0.01375
0 0.744083333333333 0.422125 0.00683333333333333 0.01525
0 0.739916666666667 0.463375 0.0075 0.01375
0 0.501583333333333 0.474875 0.0085 0.01425
0 0.539416666666667 0.460625 0.00616666666666667 0.01275
0 0.532583333333333 0.456125 0.00916666666666667 0.01175
0 0.51825 0.449125 0.00883333333333333 0.01025
0 0.525916666666667 0.446375 0.00983333333333333 0.00825
0 0.451916666666667 0.714375 0.0101666666666667 0.01225
0 0.594416666666667 0.689875 0.0128333333333333 0.00925
0 0.603416666666667 0.687125 0.0125 0.00725
0 0.541583333333333 0.621375 0.0135 0.00975
0 0.53625 0.739875 0.00516666666666667 0.01575
0 0.55325 0.776375 0.00516666666666667 0.01675
0 0.475583333333333 0.770375 0.0065 0.01775
0 0.55075 0.835625 0.00583333333333333 0.01875
0 0.584583333333333 0.763375 0.00816666666666667 0.01675
0 0.516583333333333 0.555625 0.0045 0.01625
0 0.497416666666667 0.574125 0.00983333333333333 0.00675
0 0.53175 0.560125 0.00616666666666667 0.01475
0 0.49725 0.516625 0.0118333333333333 0.00675
0 0.580416666666667 0.532625 0.0085 0.01175
0 0.586583333333333 0.577625 0.00716666666666667 0.01575
0 0.60175 0.599125 0.00883333333333333 0.01175
0 0.606416666666667 0.578625 0.00683333333333333 0.01375
0 0.602083333333333 0.557375 0.00816666666666667 0.00975
0 0.59475 0.548625 0.00783333333333333 0.01575
0 0.633083333333333 0.590875 0.00816666666666667 0.01475
0 0.636083333333333 0.585625 0.0101666666666667 0.00825
0 0.635916666666667 0.546375 0.00683333333333333 0.01525
0 0.617916666666667 0.539375 0.00716666666666667 0.01175
0 0.621583333333333 0.530375 0.0101666666666667 0.01125
0 0.645583333333333 0.511875 0.00983333333333333 0.00975
0 0.627916666666667 0.429375 0.00716666666666667 0.01825
0 0.63775 0.421625 0.00816666666666667 0.01225
0 0.59625 0.504375 0.00416666666666667 0.01625
0 0.41975 0.671625 0.0101666666666667 0.00625
0 0.374083333333333 0.636125 0.0105 0.00775
0 0.356416666666667 0.629125 0.0095 0.01075
0 0.529416666666667 0.281125 0.00716666666666667 0.01425
0 0.553083333333333 0.290375 0.00883333333333333 0.01175
0 0.587083333333333 0.843625 0.0065 0.01575
0 0.604583333333333 0.409625 0.00816666666666667 0.01225
0 0.593083333333333 0.419375 0.00716666666666667 0.01375
0 0.59425 0.476625 0.00816666666666667 0.01525
0 0.566916666666667 0.434375 0.0105 0.01025
0 0.58825 0.490875 0.00483333333333333 0.01725
0 0.575416666666667 0.490875 0.00583333333333333 0.01275
0 0.565583333333333 0.505625 0.00583333333333333 0.01425
0 0.570083333333333 0.509875 0.00683333333333333 0.01225
0 0.565083333333333 0.524125 0.0095 0.00675
0 0.56175 0.397375 0.00483333333333333 0.01475
0 0.537916666666667 0.420625 0.00583333333333333 0.01525
0 0.535083333333333 0.443625 0.0045 0.01475
0 0.530916666666667 0.436625 0.0045 0.01425
0 0.49975 0.440625 0.00816666666666667 0.01025
0 0.485416666666667 0.455375 0.00716666666666667 0.01175
0 0.56775 0.554875 0.00983333333333333 0.00475
0 0.464083333333333 0.458125 0.0055 0.01475
0 0.46525 0.444625 0.00683333333333333 0.01225
0 0.46075 0.452625 0.0095 0.00775
0 0.45375 0.437375 0.00983333333333333 0.00825
0 0.459916666666667 0.422625 0.00783333333333333 0.01125
0 0.479416666666667 0.402875 0.00683333333333333 0.01425
0 0.452583333333333 0.391875 0.00783333333333333 0.01525
0 0.443583333333333 0.396625 0.00783333333333333 0.01525
0 0.450416666666667 0.381875 0.00783333333333333 0.01525
0 0.446916666666667 0.385125 0.0105 0.00625
0 0.48325 0.356125 0.0101666666666667 0.00625
0 0.511083333333333 0.373625 0.00416666666666667 0.01625
0 0.556916666666667 0.342875 0.0101666666666667 0.01175
0 0.580916666666667 0.323375 0.0105 0.00775
0 0.54475 0.329625 0.0115 0.00875
0 0.555583333333333 0.304875 0.00516666666666667 0.01475
0 0.538083333333333 0.320125 0.0108333333333333 0.00725
0 0.535083333333333 0.302875 0.00816666666666667 0.01225
0 0.52075 0.307375 0.00483333333333333 0.01525
0 0.556583333333333 0.283625 0.0105 0.00875
0 0.489583333333333 0.276125 0.00883333333333333 0.01025
0 0.459916666666667 0.305875 0.00583333333333333 0.01475
0 0.429916666666667 0.478875 0.0065 0.01225
0 0.50525 0.250125 0.0065 0.01525
0 0.495916666666667 0.242625 0.00916666666666667 0.01025
0 0.490916666666667 0.248375 0.0111666666666667 0.01025
0 0.551083333333333 0.223375 0.0065 0.01475
0 0.681083333333333 0.273125 0.00816666666666667 0.01375
0 0.678083333333333 0.253625 0.00883333333333333 0.01125
0 0.72875 0.388125 0.00583333333333333 0.01475
0 0.729583333333333 0.376625 0.00616666666666667 0.01375
0 0.748083333333333 0.392875 0.0075 0.01175
0 0.754416666666667 0.390375 0.0065 0.01025
0 0.736916666666667 0.369625 0.0045 0.01275
0 0.72875 0.469125 0.00916666666666667 0.01075
0 0.73625 0.475125 0.00516666666666667 0.01175
0 0.764916666666667 0.476625 0.0105 0.00975
0 0.782416666666667 0.471875 0.0108333333333333 0.00975
0 0.789416666666667 0.461625 0.0095 0.00925
0 0.43175 0.536375 0.00483333333333333 0.01375
0 0.452083333333333 0.524625 0.0075 0.01025
0 0.798416666666667 0.453625 0.00883333333333333 0.01025
0 0.80875 0.478875 0.00883333333333333 0.01225
0 0.814916666666667 0.490625 0.00916666666666667 0.00875
0 0.807416666666667 0.512375 0.00983333333333333 0.00825
0 0.768583333333333 0.500375 0.00783333333333333 0.01225
0 0.765583333333333 0.532625 0.00816666666666667 0.01075
0 0.754916666666667 0.523125 0.0075 0.01175
0 0.747416666666667 0.534625 0.0095 0.01025
0 0.759416666666667 0.549125 0.00816666666666667 0.01275
0 0.780083333333333 0.548125 0.00583333333333333 0.01625
0 0.780083333333333 0.567875 0.0111666666666667 0.00825
0 0.759083333333333 0.570125 0.0065 0.01375
0 0.739083333333333 0.553875 0.0101666666666667 0.01075
0 0.726416666666667 0.541875 0.0095 0.01175
0 0.73725 0.575125 0.0045 0.01525
0 0.73625 0.564125 0.00683333333333333 0.01425
0 0.750583333333333 0.354625 0.00483333333333333 0.01675
0 0.736583333333333 0.346375 0.00683333333333333 0.01375
0 0.727083333333333 0.316375 0.00983333333333333 0.00725
0 0.774583333333333 0.329125 0.0101666666666667 0.00725
0 0.78925 0.382625 0.00916666666666667 0.00925
0 0.79625 0.391625 0.0085 0.01075
0 0.829583333333333 0.384375 0.00816666666666667 0.00825
0 0.823916666666667 0.367875 0.00783333333333333 0.00775
0 0.776083333333333 0.273125 0.0085 0.00825
0 0.746083333333333 0.177125 0.0065 0.01125
0 0.709583333333333 0.179125 0.0055 0.01425
0 0.68975 0.167625 0.00883333333333333 0.00975
0 0.682583333333333 0.173375 0.0105 0.00725
0 0.686416666666667 0.186625 0.00716666666666667 0.01125
0 0.694416666666667 0.195125 0.00783333333333333 0.01025
0 0.657416666666667 0.198125 0.00883333333333333 0.01225
0 0.63175 0.183625 0.0075 0.01225
0 0.625083333333333 0.182875 0.0095 0.01425
0 0.622083333333333 0.173625 0.0075 0.01425
0 0.60225 0.178125 0.00616666666666667 0.01275
0 0.604583333333333 0.196375 0.00983333333333333 0.00775
0 0.600916666666667 0.145125 0.0095 0.01125
0 0.65725 0.112375 0.00583333333333333 0.01525
0 0.602916666666667 0.096375 0.00683333333333333 0.01225
0 0.555583333333333 0.160125 0.0055 0.01575
0 0.54675 0.153125 0.00783333333333333 0.01375
0 0.536916666666667 0.118625 0.00683333333333333 0.01525
0 0.52925 0.089125 0.0065 0.01375
0 0.49325 0.126875 0.0075 0.01225
0 0.488416666666667 0.150625 0.00483333333333333 0.01575
0 0.48225 0.107375 0.00816666666666667 0.01175
0 0.509583333333333 0.090875 0.0055 0.01475
0 0.532416666666667 0.058125 0.0055 0.01525
0 0.54425 0.041875 0.0055 0.01375
0 0.56125 0.869125 0.0101666666666667 0.00675
0 0.52375 0.052125 0.00683333333333333 0.01225
0 0.46675 0.085125 0.00616666666666667 0.01425
0 0.456583333333333 0.116125 0.00616666666666667 0.01475
0 0.451083333333333 0.088625 0.0065 0.01375
0 0.42425 0.101625 0.00716666666666667 0.01225
0 0.416416666666667 0.135875 0.0055 0.01425
0 0.41325 0.156625 0.00883333333333333 0.01025
0 0.401916666666667 0.141375 0.00483333333333333 0.01475
0 0.480583333333333 0.181375 0.00416666666666667 0.01475
0 0.448083333333333 0.190125 0.00616666666666667 0.01275
0 0.440083333333333 0.188625 0.00383333333333333 0.01525
0 0.422083333333333 0.213125 0.0065 0.01375
0 0.407583333333333 0.195625 0.00483333333333333 0.01475
0 0.391583333333333 0.184375 0.00983333333333333 0.00875
0 0.36575 0.177875 0.0045 0.01475
0 0.351583333333333 0.218875 0.0055 0.01475
0 0.33875 0.222125 0.0065 0.01125
0 0.379916666666667 0.262125 0.0085 0.01175
0 0.410916666666667 0.352125 0.0065 0.01425
0 0.35625 0.297125 0.0095 0.00825
0 0.354583333333333 0.279875 0.00783333333333333 0.01075
0 0.314916666666667 0.330625 0.00916666666666667 0.00825
0 0.302583333333333 0.326625 0.0095 0.00875
0 0.295583333333333 0.330875 0.0065 0.01375
0 0.299583333333333 0.363125 0.0095 0.00925
0 0.30975 0.397875 0.00816666666666667 0.00775
0 0.316083333333333 0.395375 0.00583333333333333 0.01775
0 0.286083333333333 0.418375 0.00916666666666667 0.00875
0 0.27875 0.431625 0.0095 0.01025
0 0.309416666666667 0.453375 0.00583333333333333 0.01675
0 0.315416666666667 0.499375 0.0055 0.01675
0 0.286083333333333 0.512625 0.0095 0.00675
