0 0.676125 0.358416666666667 0.00875 0.0105
0 0.460375 0.55375 0.01125 0.0108333333333333
0 0.499125 0.549583333333333 0.00825 0.0121666666666667
0 0.471625 0.582416666666667 0.01475 0.00916666666666667
0 0.514375 0.575916666666667 0.01075 0.0111666666666667
0 0.526625 0.56025 0.01025 0.0115
0 0.535625 0.561416666666667 0.01475 0.00916666666666667
0 0.620625 0.574083333333333 0.01825 0.0055
0 0.557375 0.49675 0.01375 0.00983333333333333
0 0.565125 0.49775 0.01675 0.0075
0 0.615375 0.50025 0.01725 0.0065
0 0.631875 0.491916666666667 0.01475 0.00916666666666667
0 0.658625 0.468583333333333 0.01675 0.0075
0 0.673625 0.464916666666667 0.00825 0.0121666666666667
0 0.639875 0.469583333333333 0.01125 0.0108333333333333
0 0.640375 0.48125 0.01775 0.00616666666666667
0 0.655625 0.492583333333333 0.01775 0.00616666666666667
0 0.684125 0.480916666666667 0.01075 0.0111666666666667
0 0.665625 0.496083333333333 0.01525 0.0085
0 0.630125 0.500916666666667 0.01125 0.0111666666666667
0 0.649125 0.51575 0.01375 0.0095
0 0.666125 0.507583333333333 0.01275 0.0101666666666667
0 0.674375 0.513416666666667 0.01375 0.0095
0 0.688375 0.509916666666667 0.00975 0.0118333333333333
0 0.730875 0.50375 0.01825 0.00583333333333333
0 0.732375 0.51025 0.01775 0.00616666666666667
0 0.730125 0.512583333333333 0.00825 0.0121666666666667
0 0.724875 0.52425 0.01675 0.00716666666666667
0 0.698375 0.525916666666667 0.01175 0.0108333333333333
0 0.658625 0.548083333333333 0.01025 0.0115
0 0.705125 0.538083333333333 0.00825 0.0121666666666667
0 0.709375 0.54875 0.01825 0.0055
0 0.738625 0.530583333333333 0.01675 0.0075
0 0.538875 0.64325 0.00925 0.0118333333333333
0 0.567375 0.632583333333333 0.01475 0.00916666666666667
0 0.559875 0.66975 0.00825 0.0121666666666667
0 0.566125 0.665916666666667 0.00825 0.0121666666666667
0 0.581125 0.66825 0.01725 0.0065
0 0.615875 0.68675 0.00975 0.0118333333333333
0 0.629625 0.701916666666667 0.01675 0.00716666666666667
0 0.651625 0.713916666666667 0.01825 0.00583333333333333
0 0.662625 0.691916666666667 0.00825 0.0121666666666667
0 0.640875 0.670583333333333 0.01825 0.0055
0 0.677875 0.66775 0.01675 0.00683333333333333
0 0.707125 0.69375 0.00825 0.0121666666666667
0 0.712375 0.705916666666667 0.01425 0.0095
0 0.731375 0.672083333333333 0.01375 0.0095
0 0.761125 0.673083333333333 0.01375 0.00983333333333333
0 0.769875 0.671583333333333 0.01025 0.0115
0 0.806125 0.737583333333333 0.00975 0.00883333333333333
0 0.802125 0.727583333333333 0.00925 0.0118333333333333
0 0.790625 0.71775 0.01725 0.00683333333333333
0 0.783625 0.70525 0.01275 0.0101666666666667
0 0.770875 0.686083333333333 0.00875 0.0121666666666667
0 0.798625 0.70325 0.01425 0.0095
0 0.823875 0.71775 0.01575 0.00816666666666667
0 0.840875 0.711583333333333 0.01825 0.00583333333333333
0 0.818625 0.680583333333333 0.01225 0.0105
0 0.809625 0.680416666666667 0.01625 0.00783333333333333
0 0.739875 0.64375 0.01425 0.0095
0 0.777625 0.65425 0.00975 0.0118333333333333
0 0.782125 0.65725 0.01025 0.0115
0 0.792875 0.651583333333333 0.00825 0.0121666666666667
0 0.813875 0.668416666666667 0.01275 0.0105
0 0.821125 0.66525 0.00925 0.0118333333333333
0 0.863375 0.672083333333333 0.00975 0.0115
0 0.865375 0.683416666666667 0.00975 0.0115
0 0.875875 0.684916666666667 0.01275 0.0101666666666667
0 0.885375 0.691083333333333 0.01775 0.0065
0 0.855375 0.68875 0.01525 0.0085
0 0.855375 0.69725 0.01675 0.0075
0 0.857875 0.703916666666667 0.01425 0.0055
0 0.663875 0.599583333333333 0.01825 0.0055
0 0.736375 0.58775 0.01575 0.00816666666666667
0 0.752625 0.553916666666667 0.00825 0.0121666666666667
0 0.757875 0.56125 0.00825 0.0121666666666667
0 0.784125 0.555583333333333 0.00825 0.0121666666666667
0 0.766125 0.568916666666667 0.01475 0.00916666666666667
0 0.819375 0.560083333333333 0.01675 0.00716666666666667
0 0.793125 0.557416666666667 0.00925 0.0118333333333333
0 0.779125 0.525583333333333 0.01825 0.00583333333333333
0 0.807125 0.59075 0.01475 0.00883333333333333
0 0.809875 0.598583333333333 0.01725 0.0065
0 0.819375 0.573083333333333 0.01275 0.0101666666666667
0 0.836625 0.56175 0.00875 0.0121666666666667
0 0.832125 0.578583333333333 0.00975 0.0115
0 0.846625 0.581583333333333 0.01375 0.00983333333333333
0 0.843125 0.58975 0.01025 0.0115
0 0.836625 0.608416666666667 0.01775 0.00583333333333333
0 0.861625 0.634083333333333 0.00825 0.0121666666666667
0 0.870875 0.61525 0.00875 0.0121666666666667
0 0.884375 0.63625 0.01825 0.00583333333333333
0 0.908375 0.634083333333333 0.01675 0.00716666666666667
0 0.900125 0.62575 0.01725 0.0065
0 0.884375 0.61275 0.01775 0.0065
0 0.914125 0.610583333333333 0.01825 0.00583333333333333
0 0.918375 0.59875 0.00825 0.0121666666666667
0 0.928375 0.59725 0.01825 0.00583333333333333
0 0.929375 0.58975 0.01825 0.00583333333333333
0 0.929375 0.580583333333333 0.00825 0.0121666666666667
0 0.930875 0.57525 0.01725 0.0065
0 0.950125 0.573083333333333 0.01725 0.0065
0 0.895625 0.549083333333333 0.01675 0.00716666666666667
0 0.910875 0.54425 0.01675 0.0075
0 0.893375 0.54525 0.01825 0.0055
0 0.935875 0.53975 0.01725 0.00683333333333333
0 0.939875 0.526916666666667 0.01725 0.00683333333333333
0 0.842125 0.516416666666667 0.00875 0.0121666666666667
0 0.829125 0.530916666666667 0.01375 0.0095
0 0.851375 0.53175 0.01375 0.0095
0 0.933125 0.502416666666667 0.01575 0.00816666666666667
0 0.923125 0.496083333333333 0.01525 0.00883333333333333
0 0.934625 0.49075 0.01725 0.00683333333333333
0 0.927625 0.48625 0.01775 0.00616666666666667
0 0.913625 0.498583333333333 0.01825 0.00583333333333333
0 0.885375 0.499583333333333 0.00875 0.0118333333333333
0 0.839375 0.502083333333333 0.01575 0.00816666666666667
0 0.826375 0.492416666666667 0.00975 0.0115
0 0.818875 0.485083333333333 0.01225 0.0105
0 0.828125 0.48075 0.00825 0.0121666666666667
0 0.773625 0.46375 0.01025 0.0115
0 0.768125 0.46175 0.01575 0.00816666666666667
0 0.699375 0.441916666666667 0.01825 0.00583333333333333
0 0.859375 0.45825 0.01225 0.0105
0 0.908375 0.46675 0.01725 0.00683333333333333
0 0.922875 0.462083333333333 0.01575 0.00816666666666667
0 0.930625 0.470083333333333 0.01675 0.0075
0 0.942125 0.47525 0.01475 0.00616666666666667
0 0.911625 0.453916666666667 0.01575 0.00816666666666667
0 0.909125 0.44325 0.01575 0.00816666666666667
0 0.890875 0.449416666666667 0.01575 0.00816666666666667
0 0.648625 0.38575 0.01575 0.00816666666666667
0 0.734125 0.416583333333333 0.01125 0.0111666666666667
0 0.851375 0.410416666666667 0.01175 0.0108333333333333
0 0.840875 0.428416666666667 0.01475 0.00883333333333333
0 0.855875 0.431416666666667 0.01725 0.00683333333333333
0 0.885125 0.434916666666667 0.01825 0.0055
0 0.884875 0.412083333333333 0.01575 0.00816666666666667
0 0.897125 0.41325 0.01775 0.0065
0 0.899625 0.42025 0.01825 0.0055
0 0.903375 0.42225 0.01225 0.0105
0 0.506125 0.249583333333333 0.00825 0.00916666666666667
0 0.501875 0.259083333333333 0.01025 0.00816666666666667
0 0.494375 0.261916666666667 0.00825 0.0101666666666667
0 0.523875 0.270916666666667 0.00825 0.0101666666666667
0 0.494625 0.27825 0.00975 0.0095
0 0.475125 0.281416666666667 0.00975 0.0101666666666667
0 0.434625 0.296416666666667 0.01075 0.00983333333333333
0 0.430875 0.30125 0.01075 0.00983333333333333
0 0.422125 0.29725 0.00825 0.0108333333333333
0 0.525125 0.29175 0.01175 0.0095
0 0.597125 0.264416666666667 0.00825 0.0108333333333333
0 0.605625 0.267583333333333 0.00825 0.0108333333333333
0 0.610375 0.261416666666667 0.01125 0.0095
0 0.617375 0.259583333333333 0.00925 0.0105
0 0.624375 0.296416666666667 0.01475 0.00716666666666667
0 0.666375 0.271916666666667 0.01225 0.00883333333333333
0 0.675375 0.26625 0.00975 0.0101666666666667
0 0.664625 0.307083333333333 0.01075 0.00983333333333333
0 0.671875 0.29175 0.01325 0.0085
0 0.679625 0.290916666666667 0.00825 0.0108333333333333
0 0.679875 0.276583333333333 0.00825 0.0108333333333333
0 0.668125 0.282416666666667 0.01275 0.00883333333333333
0 0.704625 0.304916666666667 0.01475 0.00716666666666667
0 0.742625 0.31075 0.01625 0.0055
0 0.771375 0.308916666666667 0.00975 0.0105
0 0.788375 0.319916666666667 0.01325 0.0085
0 0.817375 0.337083333333333 0.01425 0.00783333333333333
0 0.807625 0.339916666666667 0.00975 0.0101666666666667
0 0.841625 0.34525 0.01525 0.00683333333333333
0 0.771625 0.36175 0.01675 0.00716666666666667
0 0.750625 0.368916666666667 0.01525 0.00683333333333333
0 0.841875 0.379916666666667 0.01125 0.0095
0 0.864375 0.381416666666667 0.01125 0.0095
0 0.838375 0.391083333333333 0.01575 0.00616666666666667
0 0.847125 0.38825 0.01175 0.0095
0 0.878625 0.39575 0.00875 0.0111666666666667
0 0.886625 0.400583333333333 0.00975 0.0101666666666667
0 0.807625 0.400916666666667 0.01575 0.00616666666666667
0 0.815875 0.402916666666667 0.01125 0.0095
0 0.780875 0.401916666666667 0.00875 0.0105
0 0.785625 0.41075 0.00875 0.0105
0 0.764125 0.396416666666667 0.00825 0.0108333333333333
0 0.773125 0.38625 0.00825 0.0108333333333333
0 0.740375 0.38775 0.01025 0.0101666666666667
0 0.731875 0.389083333333333 0.01575 0.00583333333333333
0 0.732875 0.401916666666667 0.01425 0.0075
0 0.712875 0.363416666666667 0.00875 0.0108333333333333
0 0.706375 0.363416666666667 0.00825 0.0108333333333333
0 0.689625 0.369583333333333 0.01075 0.00983333333333333
0 0.677125 0.37275 0.01475 0.00716666666666667
0 0.689625 0.393583333333333 0.01625 0.0055
0 0.676625 0.328583333333333 0.00875 0.0105
0 0.664875 0.32575 0.01325 0.00916666666666667
0 0.667875 0.337416666666667 0.01025 0.0101666666666667
0 0.634875 0.350416666666667 0.01425 0.00783333333333333
0 0.636375 0.358416666666667 0.00975 0.0101666666666667
0 0.591875 0.337916666666667 0.01425 0.0075
0 0.579625 0.314083333333333 0.00825 0.0108333333333333
0 0.564125 0.32375 0.01275 0.00883333333333333
0 0.508125 0.31825 0.01525 0.00483333333333333
0 0.489875 0.31975 0.01225 0.00883333333333333
0 0.479875 0.31675 0.00875 0.0108333333333333
0 0.484375 0.325083333333333 0.00875 0.0108333333333333
0 0.499375 0.334416666666667 0.00925 0.0105
0 0.532625 0.339083333333333 0.00925 0.0105
0 0.472125 0.345416666666667 0.00925 0.0105
0 0.465375 0.327583333333333 0.01575 0.00616666666666667
0 0.433375 0.325916666666667 0.01575 0.00616666666666667
0 0.365375 0.308583333333333 0.01625 0.0055
0 0.375375 0.313916666666667 0.01625 0.0055
0 0.386375 0.30975 0.01475 0.00683333333333333
0 0.381375 0.31425 0.01325 0.00816666666666667
0 0.380625 0.326416666666667 0.00925 0.0105
0 0.285875 0.365916666666667 0.01625 0.00583333333333333
0 0.280875 0.371583333333333 0.01625 0.00583333333333333
0 0.218375 0.368416666666667 0.01625 0.00583333333333333
0 0.227875 0.38525 0.01575 0.00616666666666667
0 0.223375 0.39925 0.01625 0.0055
0 0.268625 0.389583333333333 0.01175 0.00916666666666667
0 0.272375 0.403916666666667 0.00975 0.0101666666666667
0 0.280625 0.41125 0.01625 0.00583333333333333
0 0.270375 0.409583333333333 0.00925 0.0105
0 0.262875 0.423416666666667 0.01625 0.00583333333333333
0 0.249625 0.419416666666667 0.01175 0.0095
0 0.325375 0.393583333333333 0.00875 0.0108333333333333
0 0.333875 0.423083333333333 0.01375 0.00816666666666667
0 0.249125 0.436083333333333 0.01625 0.0055
0 0.240625 0.43875 0.01225 0.00883333333333333
0 0.194875 0.44075 0.01025 0.00983333333333333
0 0.235875 0.453916666666667 0.01625 0.0055
0 0.141875 0.432083333333333 0.01425 0.0075
0 0.132875 0.470416666666667 0.01575 0.00683333333333333
0 0.275625 0.444583333333333 0.01625 0.0055
0 0.278125 0.447416666666667 0.01075 0.00983333333333333
0 0.306125 0.45125 0.01625 0.00583333333333333
0 0.227625 0.48325 0.01625 0.00583333333333333
0 0.221625 0.488916666666667 0.01525 0.0065
0 0.218125 0.494416666666667 0.00875 0.0108333333333333
0 0.172625 0.50125 0.01625 0.00583333333333333
0 0.147375 0.515416666666667 0.01625 0.0055
0 0.142625 0.52175 0.01525 0.0065
0 0.223125 0.52325 0.00975 0.0101666666666667
0 0.116125 0.546416666666667 0.01625 0.00583333333333333
0 0.255875 0.528416666666667 0.01275 0.00883333333333333
0 0.288125 0.52625 0.00975 0.0101666666666667
0 0.364625 0.486416666666667 0.00975 0.0105
0 0.375125 0.493083333333333 0.01575 0.00583333333333333
0 0.370625 0.43575 0.00825 0.0108333333333333
0 0.392125 0.472916666666667 0.01425 0.0075
0 0.409875 0.458083333333333 0.01425 0.00783333333333333
0 0.424875 0.438916666666667 0.00875 0.0108333333333333
0 0.411875 0.418083333333333 0.01625 0.0055
0 0.385875 0.39475 0.01575 0.00583333333333333
0 0.404625 0.388916666666667 0.01475 0.00683333333333333
0 0.489375 0.37525 0.01425 0.0075
0 0.473125 0.415916666666667 0.00925 0.0105
0 0.544125 0.42075 0.01425 0.0075
0 0.525625 0.434916666666667 0.01525 0.0065
0 0.517125 0.440916666666667 0.01325 0.00816666666666667
0 0.582375 0.432416666666667 0.01525 0.00683333333333333
0 0.581375 0.39925 0.01025 0.00983333333333333
0 0.602375 0.383583333333333 0.01225 0.00883333333333333
0 0.610375 0.44675 0.01525 0.00683333333333333
0 0.572375 0.474416666666667 0.01625 0.0055
0 0.584125 0.47225 0.01075 0.00983333333333333
0 0.567375 0.48525 0.01525 0.00683333333333333
0 0.464375 0.478916666666667 0.00825 0.0108333333333333
0 0.447125 0.49925 0.01525 0.0065
0 0.483375 0.50425 0.01525 0.00683333333333333
0 0.488375 0.501083333333333 0.01225 0.00916666666666667
0 0.386625 0.518416666666667 0.01175 0.0095
0 0.434625 0.527916666666667 0.01375 0.00816666666666667
0 0.166125 0.570916666666667 0.01625 0.0055
0 0.228625 0.55475 0.00825 0.0108333333333333
0 0.206375 0.580083333333333 0.01175 0.0095
0 0.244875 0.574083333333333 0.01175 0.0095
0 0.259125 0.57075 0.00875 0.0108333333333333
0 0.257625 0.581416666666667 0.01675 0.0055
0 0.236375 0.585083333333333 0.00825 0.0111666666666667
0 0.250625 0.58125 0.00875 0.0108333333333333
0 0.243625 0.58575 0.00825 0.0111666666666667
0 0.331625 0.580416666666667 0.00925 0.0108333333333333
0 0.350125 0.584083333333333 0.00825 0.0111666666666667
0 0.360625 0.57475 0.01675 0.00583333333333333
0 0.366375 0.566916666666667 0.00975 0.0108333333333333
0 0.414125 0.56825 0.01125 0.00983333333333333
0 0.423125 0.564083333333333 0.01475 0.0075
0 0.244625 0.608083333333333 0.00975 0.0105
0 0.177875 0.632416666666667 0.01475 0.0075
0 0.195625 0.644583333333333 0.01575 0.0065
0 0.275375 0.642083333333333 0.01525 0.0075
0 0.178375 0.663416666666667 0.01675 0.00616666666666667
0 0.199625 0.674916666666667 0.01625 0.0065
0 0.228375 0.683583333333333 0.01175 0.0101666666666667
0 0.247875 0.679416666666667 0.01375 0.00883333333333333
0 0.240875 0.682083333333333 0.00925 0.0111666666666667
0 0.193875 0.696916666666667 0.00925 0.0111666666666667
0 0.205125 0.707416666666667 0.01675 0.00616666666666667
0 0.213125 0.717916666666667 0.00825 0.0115
0 0.286875 0.670583333333333 0.00925 0.0111666666666667
0 0.283875 0.678416666666667 0.00825 0.0115
0 0.291625 0.686916666666667 0.01575 0.0075
0 0.314625 0.687416666666667 0.01525 0.00783333333333333
0 0.339125 0.680416666666667 0.00875 0.0111666666666667
0 0.316625 0.693583333333333 0.01525 0.00783333333333333
0 0.346875 0.692083333333333 0.00925 0.0111666666666667
0 0.298875 0.734916666666667 0.01175 0.0101666666666667
0 0.291875 0.757583333333333 0.00825 0.0115
0 0.311125 0.759416666666667 0.01725 0.0055
0 0.363875 0.769916666666667 0.00975 0.0108333333333333
0 0.393125 0.78575 0.00875 0.0111666666666667
0 0.401125 0.74475 0.01675 0.00616666666666667
0 0.418875 0.735083333333333 0.01325 0.00916666666666667
0 0.435875 0.766583333333333 0.01225 0.00983333333333333
0 0.456125 0.766583333333333 0.00825 0.0115
0 0.450125 0.796416666666667 0.00825 0.0115
0 0.347375 0.652583333333333 0.01725 0.0055
0 0.371875 0.644583333333333 0.01475 0.00816666666666667
0 0.408125 0.65725 0.01825 0.0055
0 0.433375 0.660416666666667 0.01625 0.0075
0 0.433125 0.631083333333333 0.01325 0.0101666666666667
0 0.469125 0.657583333333333 0.01575 0.0085
0 0.472375 0.674583333333333 0.01825 0.0055
0 0.477125 0.668416666666667 0.01575 0.00816666666666667
0 0.486875 0.670916666666667 0.01775 0.00616666666666667
0 0.455875 0.719083333333333 0.01725 0.00683333333333333
0 0.500375 0.754916666666667 0.01275 0.0101666666666667
0 0.527875 0.800083333333333 0.01275 0.0101666666666667
0 0.583875 0.793916666666667 0.00825 0.0121666666666667
0 0.538375 0.743916666666667 0.01325 0.0101666666666667
0 0.556625 0.72775 0.01675 0.0075
0 0.571625 0.720916666666667 0.01575 0.00816666666666667
0 0.595375 0.746083333333333 0.01175 0.0108333333333333
0 0.572125 0.699583333333333 0.00975 0.0118333333333333
0 0.586625 0.699083333333333 0.01225 0.0105
0 0.569375 0.69325 0.01575 0.00816666666666667
0 0.610125 0.722583333333333 0.00825 0.0121666666666667
0 0.613375 0.73775 0.00825 0.0121666666666667
0 0.623375 0.74025 0.00825 0.0121666666666667
0 0.654125 0.767916666666667 0.01775 0.00616666666666667
0 0.672875 0.741416666666667 0.01525 0.00883333333333333
0 0.684375 0.765416666666667 0.01125 0.0111666666666667
0 0.693375 0.770416666666667 0.01625 0.00783333333333333
0 0.706125 0.791583333333333 0.01575 0.00816666666666667
0 0.746875 0.75125 0.01475 0.00916666666666667
0 0.705875 0.746916666666667 0.01175 0.0108333333333333
0 0.701375 0.734416666666667 0.01225 0.0105
0 0.738625 0.74275 0.01825 0.00583333333333333
0 0.770625 0.73875 0.01225 0.0105
