0 0.562125 0.61425 0.01575 0.00516666666666667
0 0.399625 0.63575 0.00825 0.0105
0 0.497625 0.633916666666667 0.01575 0.0055
0 0.553875 0.62775 0.01375 0.0075
0 0.490625 0.65425 0.01075 0.0095
0 0.486375 0.654583333333333 0.00825 0.0105
0 0.475875 0.662416666666667 0.01475 0.0065
0 0.410875 0.664083333333333 0.01275 0.00816666666666667
0 0.399125 0.678583333333333 0.00925 0.0101666666666667
0 0.392875 0.712583333333333 0.01225 0.0085
0 0.369125 0.72725 0.00975 0.00983333333333333
0 0.321375 0.74825 0.00825 0.0105
0 0.333375 0.747083333333333 0.00875 0.0101666666666667
0 0.342125 0.751583333333333 0.01125 0.00916666666666667
0 0.372875 0.74375 0.01375 0.00783333333333333
0 0.351625 0.768916666666667 0.00925 0.0101666666666667
0 0.405625 0.71075 0.01475 0.00683333333333333
0 0.427375 0.70475 0.01525 0.00583333333333333
0 0.446125 0.716416666666667 0.01475 0.00683333333333333
0 0.469875 0.72225 0.01325 0.00783333333333333
0 0.491875 0.71825 0.01275 0.00816666666666667
0 0.478625 0.735083333333333 0.01425 0.00716666666666667
0 0.508375 0.72975 0.01525 0.00583333333333333
0 0.481875 0.72625 0.01575 0.0055
0 0.521875 0.71425 0.00975 0.00983333333333333
0 0.517125 0.74475 0.00825 0.0105
0 0.511625 0.751083333333333 0.00825 0.0105
0 0.514125 0.76425 0.01025 0.0095
0 0.520375 0.780583333333333 0.00875 0.0105
0 0.524125 0.795083333333333 0.00825 0.0105
0 0.503375 0.794916666666667 0.00825 0.0105
0 0.488375 0.787916666666667 0.00825 0.0105
0 0.546625 0.750583333333333 0.00875 0.0105
0 0.557375 0.741916666666667 0.01075 0.0095
0 0.600125 0.78925 0.00975 0.00983333333333333
0 0.609625 0.765083333333333 0.01575 0.00583333333333333
0 0.569625 0.722916666666667 0.01575 0.0055
0 0.580625 0.71825 0.01525 0.00583333333333333
0 0.538625 0.705583333333333 0.01525 0.00616666666666667
0 0.565375 0.68475 0.01475 0.0065
0 0.544125 0.678583333333333 0.01475 0.0065
0 0.497875 0.67325 0.01525 0.00583333333333333
0 0.511375 0.672583333333333 0.01025 0.0095
0 0.529625 0.665083333333333 0.01325 0.00783333333333333
0 0.570625 0.66025 0.01575 0.0055
0 0.598125 0.674583333333333 0.01375 0.0075
0 0.610875 0.629583333333333 0.01425 0.00683333333333333
0 0.625375 0.707583333333333 0.00875 0.0105
0 0.647875 0.733416666666667 0.00825 0.0105
0 0.651125 0.741583333333333 0.01175 0.00916666666666667
0 0.692375 0.739083333333333 0.01225 0.0085
0 0.693125 0.760583333333333 0.01025 0.00983333333333333
0 0.684125 0.771583333333333 0.01375 0.0075
0 0.676875 0.781416666666667 0.01175 0.00916666666666667
0 0.667875 0.775083333333333 0.00825 0.0105
0 0.742625 0.746583333333333 0.01175 0.00883333333333333
0 0.733375 0.730083333333333 0.00825 0.0105
0 0.765875 0.721083333333333 0.00825 0.0105
0 0.653375 0.697583333333333 0.01175 0.00916666666666667
0 0.662875 0.69975 0.01425 0.00716666666666667
0 0.664625 0.683083333333333 0.01425 0.00716666666666667
0 0.675875 0.684583333333333 0.00925 0.0101666666666667
0 0.687625 0.678916666666667 0.01475 0.0065
0 0.704625 0.681916666666667 0.01275 0.00816666666666667
0 0.721125 0.677583333333333 0.00875 0.0101666666666667
0 0.861375 0.675583333333333 0.01175 0.00916666666666667
0 0.869125 0.662083333333333 0.01325 0.00816666666666667
0 0.707125 0.668583333333333 0.01225 0.0085
0 0.682125 0.66575 0.01425 0.00716666666666667
0 0.689375 0.651583333333333 0.01125 0.00916666666666667
0 0.648875 0.65325 0.01075 0.0095
0 0.714375 0.64875 0.01375 0.00783333333333333
0 0.719375 0.657916666666667 0.01525 0.00616666666666667
0 0.642625 0.63075 0.00925 0.0101666666666667
0 0.679375 0.626916666666667 0.00875 0.0101666666666667
0 0.751625 0.63125 0.00825 0.0105
0 0.772875 0.608083333333333 0.01075 0.0095
0 0.814375 0.626583333333333 0.00925 0.0101666666666667
0 0.726625 0.635916666666667 0.01525 0.00583333333333333
0 0.777875 0.617583333333333 0.01525 0.00583333333333333
0 0.738125 0.594083333333333 0.00825 0.0105
0 0.682125 0.59125 0.01225 0.0085
0 0.697125 0.56925 0.00825 0.0105
0 0.687625 0.56925 0.01025 0.0095
0 0.725875 0.556083333333333 0.00825 0.0105
0 0.780375 0.570416666666667 0.00875 0.0105
0 0.776375 0.587083333333333 0.01225 0.0085
0 0.674625 0.577583333333333 0.01475 0.0065
0 0.684875 0.580083333333333 0.01475 0.0065
0 0.869875 0.61725 0.01525 0.00616666666666667
0 0.902625 0.588583333333333 0.01575 0.0055
0 0.868875 0.57025 0.01525 0.00616666666666667
0 0.891375 0.571083333333333 0.01525 0.00616666666666667
0 0.920625 0.56725 0.01525 0.00616666666666667
0 0.892375 0.56225 0.00925 0.0101666666666667
0 0.900625 0.53375 0.01475 0.00683333333333333
0 0.904875 0.54925 0.01275 0.0085
0 0.895375 0.547083333333333 0.01275 0.0085
0 0.896875 0.552416666666667 0.01375 0.0075
0 0.868125 0.56225 0.01275 0.0085
0 0.844625 0.555583333333333 0.00925 0.0101666666666667
0 0.818875 0.568416666666667 0.00825 0.0105
0 0.805375 0.570083333333333 0.00975 0.00983333333333333
0 0.804375 0.551416666666667 0.00875 0.0101666666666667
0 0.823875 0.545916666666667 0.00875 0.0101666666666667
0 0.824875 0.535916666666667 0.01525 0.00616666666666667
0 0.725375 0.542583333333333 0.00875 0.0101666666666667
0 0.689125 0.53175 0.01575 0.0055
0 0.758625 0.53325 0.01375 0.0075
0 0.765875 0.525416666666667 0.00925 0.0101666666666667
0 0.771625 0.53075 0.00875 0.0105
0 0.745625 0.500416666666667 0.01475 0.0065
0 0.651875 0.484583333333333 0.01575 0.00583333333333333
0 0.667375 0.458083333333333 0.00975 0.00983333333333333
0 0.688625 0.476083333333333 0.00875 0.0101666666666667
0 0.694625 0.47825 0.00875 0.0101666666666667
0 0.692375 0.492083333333333 0.00975 0.00983333333333333
0 0.660375 0.48725 0.00875 0.0101666666666667
0 0.707125 0.40725 0.01025 0.0095
0 0.725625 0.408916666666667 0.01575 0.0055
0 0.756875 0.451416666666667 0.01375 0.00783333333333333
0 0.767125 0.449416666666667 0.01125 0.00916666666666667
0 0.780375 0.427583333333333 0.01125 0.00916666666666667
0 0.793625 0.440916666666667 0.00825 0.0105
0 0.782875 0.470083333333333 0.01125 0.00916666666666667
0 0.816125 0.48375 0.01575 0.0055
0 0.824125 0.50975 0.01275 0.00816666666666667
0 0.906125 0.515916666666667 0.01475 0.00683333333333333
0 0.892875 0.49275 0.01325 0.00783333333333333
0 0.899125 0.499083333333333 0.01475 0.00683333333333333
0 0.921125 0.48875 0.01575 0.00583333333333333
0 0.891625 0.462916666666667 0.01325 0.00783333333333333
0 0.919625 0.446916666666667 0.01525 0.00616666666666667
0 0.921625 0.436583333333333 0.01425 0.00716666666666667
0 0.872875 0.428416666666667 0.01475 0.00683333333333333
0 0.857375 0.426083333333333 0.01575 0.0055
0 0.860125 0.38125 0.01025 0.00983333333333333
0 0.820125 0.39675 0.00825 0.0105
0 0.747125 0.385416666666667 0.01525 0.00616666666666667
0 0.762875 0.380583333333333 0.01525 0.00583333333333333
0 0.793125 0.343416666666667 0.00825 0.0105
0 0.373125 0.260916666666667 0.00925 0.0101666666666667
0 0.394375 0.27225 0.00875 0.0101666666666667
0 0.395125 0.28725 0.00925 0.0101666666666667
0 0.324875 0.27975 0.00975 0.00983333333333333
0 0.327625 0.287916666666667 0.00825 0.0105
0 0.337625 0.28925 0.00925 0.0101666666666667
0 0.335375 0.29675 0.00975 0.00983333333333333
0 0.330125 0.31025 0.01025 0.00983333333333333
0 0.329125 0.323583333333333 0.01425 0.00716666666666667
0 0.405375 0.30975 0.01425 0.00683333333333333
0 0.468875 0.324916666666667 0.00925 0.0101666666666667
0 0.482375 0.32475 0.01475 0.0065
0 0.442625 0.330083333333333 0.00825 0.0105
0 0.445875 0.335583333333333 0.01125 0.00916666666666667
0 0.400125 0.340083333333333 0.00825 0.0105
0 0.379625 0.34075 0.01025 0.00983333333333333
0 0.347375 0.34525 0.01525 0.00616666666666667
0 0.345375 0.351916666666667 0.01025 0.00916666666666667
0 0.321875 0.371083333333333 0.01325 0.00783333333333333
0 0.312875 0.379083333333333 0.01525 0.00616666666666667
0 0.355375 0.365083333333333 0.01375 0.0075
0 0.388625 0.349583333333333 0.01175 0.00883333333333333
0 0.394125 0.36125 0.01225 0.0085
0 0.442125 0.34625 0.00975 0.00983333333333333
0 0.438375 0.366416666666667 0.01075 0.0095
0 0.448625 0.362916666666667 0.00975 0.00983333333333333
0 0.390125 0.374416666666667 0.01225 0.0085
0 0.397875 0.381916666666667 0.01075 0.0095
0 0.411125 0.382416666666667 0.01275 0.0085
0 0.432875 0.38725 0.01575 0.0055
0 0.473625 0.384083333333333 0.01375 0.0075
0 0.214875 0.33825 0.01375 0.0075
0 0.209125 0.370416666666667 0.01475 0.0065
0 0.280875 0.393583333333333 0.00825 0.0105
0 0.310125 0.40375 0.00875 0.0101666666666667
0 0.318625 0.405083333333333 0.00975 0.00983333333333333
0 0.253875 0.42575 0.00925 0.0101666666666667
0 0.193375 0.433083333333333 0.00925 0.0101666666666667
0 0.137625 0.42025 0.01325 0.00783333333333333
0 0.133875 0.458916666666667 0.00825 0.0105
0 0.233375 0.44775 0.01425 0.00716666666666667
0 0.268875 0.437583333333333 0.00825 0.0105
0 0.278125 0.435916666666667 0.00975 0.00983333333333333
0 0.247875 0.464083333333333 0.00825 0.0105
0 0.208625 0.477583333333333 0.01525 0.00583333333333333
0 0.221875 0.48175 0.01475 0.00683333333333333
0 0.262375 0.476583333333333 0.01475 0.0065
0 0.211625 0.49075 0.01475 0.0065
0 0.173875 0.50825 0.01475 0.00683333333333333
0 0.259375 0.504083333333333 0.00825 0.0105
0 0.283375 0.480083333333333 0.01475 0.00683333333333333
0 0.290625 0.48175 0.00925 0.0101666666666667
0 0.303875 0.481416666666667 0.01125 0.00916666666666667
0 0.319875 0.46575 0.00975 0.0095
0 0.307625 0.45525 0.01225 0.0085
0 0.259625 0.51275 0.01125 0.00916666666666667
0 0.197875 0.524583333333333 0.01425 0.00683333333333333
0 0.183375 0.532416666666667 0.01175 0.00883333333333333
0 0.216375 0.530083333333333 0.01275 0.00783333333333333
0 0.215875 0.53975 0.00875 0.0101666666666667
0 0.110125 0.52525 0.01325 0.0075
0 0.109125 0.532916666666667 0.01475 0.0065
0 0.148625 0.555583333333333 0.01425 0.00683333333333333
0 0.177125 0.559083333333333 0.00825 0.0105
0 0.196375 0.562916666666667 0.01475 0.0065
0 0.219875 0.564083333333333 0.01475 0.0065
0 0.207625 0.577916666666667 0.00925 0.00983333333333333
0 0.130375 0.601083333333333 0.01575 0.00516666666666667
0 0.164375 0.631916666666667 0.01125 0.00916666666666667
0 0.208625 0.59875 0.01175 0.0085
0 0.213375 0.605416666666667 0.01325 0.00783333333333333
0 0.277625 0.559416666666667 0.01025 0.0095
0 0.272875 0.60325 0.00875 0.0101666666666667
0 0.271125 0.613916666666667 0.01325 0.00783333333333333
0 0.254125 0.619916666666667 0.01575 0.00516666666666667
0 0.236625 0.628416666666667 0.01425 0.00683333333333333
0 0.298625 0.621416666666667 0.00775 0.0105
0 0.232375 0.63175 0.00875 0.0101666666666667
0 0.234125 0.63875 0.01575 0.00516666666666667
0 0.181625 0.651083333333333 0.00825 0.0101666666666667
0 0.213875 0.661583333333333 0.01325 0.00783333333333333
0 0.237875 0.649583333333333 0.01475 0.0065
0 0.286625 0.640916666666667 0.01375 0.0075
0 0.298375 0.655583333333333 0.00825 0.0101666666666667
0 0.276625 0.65275 0.01575 0.0055
0 0.280375 0.656583333333333 0.01325 0.00783333333333333
0 0.286125 0.66325 0.00925 0.00983333333333333
0 0.277125 0.67375 0.00975 0.0095
0 0.266625 0.708583333333333 0.01225 0.0085
0 0.339875 0.658916666666667 0.01025 0.0095
0 0.332875 0.625083333333333 0.00775 0.0105
0 0.377375 0.60325 0.01075 0.00916666666666667
0 0.397375 0.60325 0.01575 0.00516666666666667
0 0.429875 0.598916666666667 0.00925 0.00983333333333333
0 0.382625 0.58875 0.00925 0.00983333333333333
0 0.300625 0.584416666666667 0.00775 0.0105
0 0.330375 0.585583333333333 0.01225 0.0085
0 0.339375 0.571916666666667 0.01575 0.0055
0 0.348375 0.56925 0.00925 0.00983333333333333
0 0.374125 0.571916666666667 0.01375 0.00716666666666667
0 0.332125 0.52575 0.00925 0.00983333333333333
0 0.383125 0.54075 0.00925 0.00983333333333333
0 0.364375 0.50875 0.00875 0.0101666666666667
0 0.356375 0.496916666666667 0.00875 0.0101666666666667
0 0.374625 0.498583333333333 0.00775 0.0105
0 0.353375 0.481416666666667 0.01125 0.00916666666666667
0 0.404125 0.49625 0.01575 0.0055
0 0.386375 0.48775 0.01575 0.0055
0 0.352125 0.464416666666667 0.01525 0.00616666666666667
0 0.364875 0.469583333333333 0.01575 0.0055
0 0.370625 0.474083333333333 0.01525 0.00616666666666667
0 0.416625 0.469583333333333 0.00775 0.0105
0 0.427625 0.47775 0.01425 0.00683333333333333
0 0.332875 0.43225 0.00875 0.0101666666666667
0 0.342125 0.429083333333333 0.00825 0.0101666666666667
0 0.361375 0.409583333333333 0.01425 0.00683333333333333
0 0.412875 0.42175 0.00775 0.0105
0 0.410125 0.44375 0.01525 0.0055
0 0.413375 0.43425 0.01525 0.0055
0 0.435625 0.42425 0.01525 0.0055
0 0.468625 0.42675 0.00925 0.00983333333333333
0 0.486125 0.39025 0.00925 0.00983333333333333
0 0.480875 0.400416666666667 0.01125 0.00883333333333333
0 0.487625 0.404416666666667 0.01575 0.00516666666666667
0 0.505375 0.322083333333333 0.01125 0.00883333333333333
0 0.532625 0.318083333333333 0.01175 0.00883333333333333
0 0.511125 0.328416666666667 0.00875 0.0101666666666667
0 0.520375 0.34725 0.01225 0.0085
0 0.535625 0.342083333333333 0.00925 0.00983333333333333
0 0.566625 0.338416666666667 0.00775 0.0105
0 0.564625 0.31225 0.01025 0.0095
0 0.586875 0.322416666666667 0.00875 0.0101666666666667
0 0.580375 0.327083333333333 0.01275 0.00816666666666667
0 0.575875 0.330583333333333 0.00875 0.0101666666666667
0 0.599875 0.329416666666667 0.01275 0.00816666666666667
0 0.598125 0.331416666666667 0.00975 0.0095
0 0.557625 0.34325 0.01575 0.00516666666666667
0 0.556875 0.368916666666667 0.01425 0.00683333333333333
0 0.541125 0.246416666666667 0.00775 0.0105
0 0.548875 0.26925 0.00825 0.0101666666666667
0 0.574375 0.276583333333333 0.01025 0.0095
0 0.620875 0.26275 0.00825 0.0101666666666667
0 0.594125 0.272916666666667 0.01375 0.0075
0 0.598125 0.281916666666667 0.01375 0.0075
0 0.600125 0.275416666666667 0.01575 0.00516666666666667
0 0.607375 0.274083333333333 0.01375 0.0075
0 0.611375 0.304583333333333 0.01225 0.00816666666666667
0 0.646625 0.274916666666667 0.00975 0.00983333333333333
0 0.664375 0.30625 0.00775 0.0105
0 0.719375 0.281083333333333 0.01175 0.00883333333333333
0 0.700875 0.295083333333333 0.01375 0.00716666666666667
0 0.703125 0.30275 0.01375 0.00716666666666667
0 0.720375 0.30725 0.01525 0.00583333333333333
0 0.729875 0.318083333333333 0.00875 0.0101666666666667
0 0.773625 0.301583333333333 0.00925 0.0101666666666667
0 0.617375 0.33475 0.01375 0.00716666666666667
0 0.612625 0.355916666666667 0.01075 0.00916666666666667
0 0.673375 0.338916666666667 0.00925 0.0101666666666667
0 0.668125 0.352083333333333 0.01275 0.00783333333333333
0 0.683125 0.344416666666667 0.00925 0.0101666666666667
0 0.685125 0.354083333333333 0.00825 0.0105
0 0.693625 0.360916666666667 0.00775 0.0105
0 0.715625 0.363916666666667 0.01275 0.00816666666666667
0 0.720875 0.37925 0.00975 0.00983333333333333
0 0.700625 0.37775 0.01475 0.0065
0 0.700125 0.375083333333333 0.01475 0.0065
0 0.709875 0.377583333333333 0.00825 0.0101666666666667
0 0.712375 0.393083333333333 0.00875 0.0101666666666667
0 0.716875 0.39275 0.00875 0.0101666666666667
0 0.694625 0.385916666666667 0.01025 0.0095
0 0.679625 0.381416666666667 0.00775 0.0105
0 0.661625 0.38425 0.01425 0.0065
0 0.622875 0.386083333333333 0.01425 0.00683333333333333
0 0.539625 0.380916666666667 0.01375 0.0075
0 0.552125 0.384083333333333 0.00925 0.0101666666666667
0 0.535375 0.396083333333333 0.01125 0.00916666666666667
0 0.531375 0.422083333333333 0.01525 0.00583333333333333
0 0.567375 0.41825 0.01025 0.0095
0 0.626875 0.41875 0.01525 0.0055
0 0.653625 0.40975 0.01025 0.0095
0 0.529125 0.448416666666667 0.00775 0.0105
0 0.451375 0.461416666666667 0.01475 0.0065
0 0.579875 0.441583333333333 0.01575 0.00516666666666667
0 0.543875 0.459583333333333 0.01375 0.00716666666666667
0 0.552125 0.471416666666667 0.01525 0.00583333333333333
0 0.617875 0.442583333333333 0.01225 0.00816666666666667
0 0.589875 0.459583333333333 0.00925 0.0101666666666667
0 0.552375 0.450583333333333 0.00925 0.0101666666666667
0 0.625125 0.43525 0.01125 0.00883333333333333
0 0.611875 0.450083333333333 0.01575 0.00516666666666667
0 0.616375 0.473416666666667 0.00825 0.0101666666666667
0 0.594375 0.476416666666667 0.01425 0.00683333333333333
0 0.576875 0.486583333333333 0.01375 0.0075
0 0.501875 0.495583333333333 0.00775 0.0105
0 0.451125 0.513083333333333 0.01325 0.00783333333333333
0 0.493375 0.506583333333333 0.00875 0.0101666666666667
0 0.426875 0.54825 0.01575 0.0055
0 0.460375 0.551916666666667 0.01475 0.00616666666666667
0 0.505375 0.53475 0.01075 0.00916666666666667
0 0.538125 0.52125 0.01025 0.0095
0 0.550625 0.51975 0.01225 0.0085
0 0.599125 0.51125 0.01225 0.0085
0 0.603875 0.518583333333333 0.01225 0.0085
0 0.592875 0.531916666666667 0.00825 0.0101666666666667
0 0.602875 0.528083333333333 0.01525 0.00583333333333333
0 0.641625 0.544083333333333 0.00925 0.00983333333333333
0 0.570375 0.57875 0.01075 0.00916666666666667
0 0.509375 0.570583333333333 0.01225 0.0085
0 0.499625 0.575583333333333 0.01225 0.0085
0 0.480375 0.586583333333333 0.01225 0.0085
0 0.561125 0.597416666666667 0.01325 0.00783333333333333
