0 0.558083333333333 0.450625 0.00483333333333333 0.01725
0 0.564583333333333 0.462125 0.00883333333333333 0.01175
0 0.56725 0.416875 0.00883333333333333 0.01325
0 0.535416666666667 0.442875 0.0115 0.00725
0 0.53625 0.417375 0.00816666666666667 0.01525
0 0.543416666666667 0.420625 0.00483333333333333 0.01725
0 0.552583333333333 0.408375 0.0121666666666667 0.00975
0 0.54425 0.396625 0.0105 0.00725
0 0.537416666666667 0.380875 0.0111666666666667 0.00825
0 0.672916666666667 0.705125 0.00883333333333333 0.01325
0 0.668416666666667 0.626375 0.00483333333333333 0.01725
0 0.704416666666667 0.646125 0.0108333333333333 0.00925
0 0.726583333333333 0.567625 0.0115 0.00875
0 0.689583333333333 0.588125 0.0111666666666667 0.00775
0 0.66225 0.559125 0.0108333333333333 0.00975
0 0.65325 0.562625 0.0095 0.01175
0 0.670416666666667 0.535625 0.00483333333333333 0.01725
0 0.70525 0.478375 0.0075 0.01525
0 0.687083333333333 0.475375 0.0108333333333333 0.01025
0 0.663083333333333 0.465375 0.00483333333333333 0.01625
0 0.720583333333333 0.359625 0.0115 0.00775
0 0.70375 0.318875 0.0075 0.01325
0 0.694583333333333 0.323875 0.00983333333333333 0.01225
0 0.674083333333333 0.344125 0.0085 0.01275
0 0.676916666666667 0.329625 0.00816666666666667 0.01425
0 0.665416666666667 0.392375 0.0111666666666667 0.00875
0 0.653583333333333 0.384875 0.00483333333333333 0.01725
0 0.62175 0.352125 0.0108333333333333 0.00925
0 0.617416666666667 0.343375 0.0115 0.00975
0 0.56975 0.359125 0.00516666666666667 0.01575
0 0.585083333333333 0.328375 0.0108333333333333 0.00725
0 0.62225 0.390875 0.0111666666666667 0.00875
0 0.62025 0.409125 0.0111666666666667 0.00925
0 0.64075 0.425875 0.00816666666666667 0.01325
0 0.539416666666667 0.370625 0.0101666666666667 0.00925
0 0.526416666666667 0.379375 0.00916666666666667 0.01175
0 0.519416666666667 0.365625 0.00483333333333333 0.01725
0 0.515083333333333 0.366375 0.00483333333333333 0.01725
0 0.486583333333333 0.381625 0.0111666666666667 0.00825
0 0.490583333333333 0.369875 0.0101666666666667 0.01025
0 0.482583333333333 0.364375 0.0105 0.00675
0 0.486416666666667 0.350875 0.0115 0.00975
0 0.61825 0.699875 0.0115 0.00825
0 0.612416666666667 0.653125 0.00583333333333333 0.01775
0 0.580583333333333 0.684625 0.0055 0.01575
0 0.56975 0.668625 0.0111666666666667 0.00675
0 0.583083333333333 0.648875 0.00516666666666667 0.01825
0 0.549416666666667 0.556875 0.0075 0.01325
0 0.53075 0.584375 0.0085 0.01325
0 0.52275 0.601875 0.0065 0.01575
0 0.51775 0.616125 0.00683333333333333 0.01575
0 0.52225 0.647625 0.0105 0.01025
0 0.477083333333333 0.654625 0.0105 0.00725
0 0.484583333333333 0.554625 0.0115 0.00925
0 0.48875 0.550375 0.0075 0.01425
0 0.499083333333333 0.559375 0.0115 0.00775
0 0.52125 0.527375 0.0111666666666667 0.00775
0 0.514416666666667 0.513875 0.00716666666666667 0.01625
0 0.510916666666667 0.482125 0.0055 0.01575
0 0.485083333333333 0.492375 0.00883333333333333 0.01475
0 0.51325 0.468875 0.00883333333333333 0.01275
0 0.501416666666667 0.454125 0.0101666666666667 0.00775
0 0.489916666666667 0.443375 0.0045 0.01575
0 0.498916666666667 0.438875 0.0105 0.00675
0 0.508083333333333 0.416875 0.00583333333333333 0.01725
0 0.494583333333333 0.414625 0.00516666666666667 0.01775
0 0.474416666666667 0.621875 0.00916666666666667 0.00975
0 0.48925 0.598625 0.00883333333333333 0.01175
0 0.483416666666667 0.594875 0.0121666666666667 0.00725
0 0.454083333333333 0.586875 0.00616666666666667 0.01725
0 0.46375 0.429625 0.00483333333333333 0.01475
0 0.459916666666667 0.439375 0.00683333333333333 0.01525
0 0.456583333333333 0.473875 0.00983333333333333 0.01025
0 0.440083333333333 0.404875 0.0095 0.01175
0 0.45025 0.410375 0.0115 0.00675
0 0.462916666666667 0.404375 0.00483333333333333 0.01625
0 0.451083333333333 0.376875 0.00583333333333333 0.01875
0 0.598083333333333 0.714875 0.0055 0.01775
0 0.587083333333333 0.753375 0.0111666666666667 0.00875
0 0.57325 0.787625 0.00783333333333333 0.01625
0 0.49975 0.825375 0.00883333333333333 0.01175
0 0.503583333333333 0.802125 0.0085 0.01325
0 0.485916666666667 0.751125 0.00516666666666667 0.01825
0 0.478583333333333 0.808375 0.0075 0.01425
0 0.44075 0.818625 0.0108333333333333 0.00775
0 0.463083333333333 0.789625 0.00716666666666667 0.01675
0 0.388416666666667 0.842625 0.0095 0.01225
0 0.401583333333333 0.784625 0.0108333333333333 0.01175
0 0.377916666666667 0.663625 0.0095 0.00925
0 0.367083333333333 0.654125 0.00816666666666667 0.01275
0 0.391916666666667 0.651125 0.0085 0.01325
0 0.388416666666667 0.609875 0.0095 0.01375
0 0.362583333333333 0.458125 0.0055 0.01775
0 0.395083333333333 0.575125 0.0105 0.01275
0 0.36075 0.511625 0.00783333333333333 0.01625
0 0.319916666666667 0.560125 0.0055 0.01625
0 0.354416666666667 0.744375 0.0111666666666667 0.00825
0 0.34425 0.705125 0.00883333333333333 0.01275
0 0.347916666666667 0.671875 0.0055 0.01675
0 0.319083333333333 0.693125 0.0085 0.01375
0 0.277083333333333 0.715625 0.00616666666666667 0.01775
0 0.252916666666667 0.607875 0.00816666666666667 0.01475
0 0.309916666666667 0.616125 0.0115 0.00725
0 0.310416666666667 0.622625 0.0108333333333333 0.00975
0 0.31875 0.639875 0.0065 0.01725
0 0.285583333333333 0.609375 0.00616666666666667 0.01775
0 0.394583333333333 0.447125 0.0095 0.01275
0 0.392416666666667 0.425375 0.0055 0.01775
0 0.36775 0.475375 0.0075 0.01525
0 0.640583333333333 0.455125 0.0055 0.01725
0 0.629416666666667 0.457125 0.00983333333333333 0.01225
0 0.623416666666667 0.448375 0.0115 0.00775
0 0.607916666666667 0.489625 0.0118333333333333 0.00925
0 0.59925 0.463875 0.0115 0.00725
0 0.609916666666667 0.556375 0.0101666666666667 0.00825
0 0.611916666666667 0.537375 0.0055 0.01675
0 0.60375 0.539875 0.00616666666666667 0.01625
0 0.597416666666667 0.524875 0.00516666666666667 0.01675
0 0.573083333333333 0.513125 0.0101666666666667 0.01075
0 0.584083333333333 0.500125 0.0108333333333333 0.00925
0 0.586416666666667 0.484625 0.00783333333333333 0.01475
0 0.578083333333333 0.490125 0.0121666666666667 0.00825
0 0.565916666666667 0.492625 0.0075 0.01425
0 0.557916666666667 0.486875 0.00483333333333333 0.01725
0 0.531083333333333 0.462625 0.0108333333333333 0.00925
0 0.261083333333333 0.277125 0.0115 0.00875
0 0.356916666666667 0.442375 0.00783333333333333 0.01325
0 0.353416666666667 0.432125 0.0111666666666667 0.00975
0 0.34825 0.440375 0.00916666666666667 0.01225
0 0.27575 0.319875 0.00716666666666667 0.01575
0 0.28525 0.316875 0.00916666666666667 0.01275
0 0.28625 0.328375 0.00516666666666667 0.01725
0 0.295083333333333 0.302625 0.0075 0.01625
0 0.306416666666667 0.360375 0.0108333333333333 0.00825
0 0.297083333333333 0.359625 0.0101666666666667 0.01125
0 0.33225 0.342375 0.00816666666666667 0.01175
0 0.338083333333333 0.377375 0.0115 0.00875
0 0.353583333333333 0.224875 0.00516666666666667 0.01625
0 0.345416666666667 0.213375 0.00883333333333333 0.01175
0 0.350083333333333 0.204875 0.0095 0.01025
0 0.35125 0.196125 0.0095 0.00875
0 0.37125 0.195375 0.00916666666666667 0.01125
0 0.36275 0.155125 0.00516666666666667 0.01675
0 0.39125 0.161375 0.00816666666666667 0.01175
0 0.375583333333333 0.142375 0.00716666666666667 0.01275
0 0.377916666666667 0.254875 0.00816666666666667 0.01125
0 0.386583333333333 0.257875 0.00816666666666667 0.00875
0 0.396083333333333 0.260375 0.0055 0.01525
0 0.38125 0.237125 0.00783333333333333 0.01225
0 0.374083333333333 0.231375 0.00483333333333333 0.01425
0 0.374916666666667 0.301625 0.00983333333333333 0.00725
0 0.38975 0.287375 0.0075 0.01575
0 0.412083333333333 0.176625 0.0101666666666667 0.01175
0 0.415916666666667 0.206625 0.0055 0.01525
0 0.433583333333333 0.197875 0.00783333333333333 0.01375
0 0.427416666666667 0.167875 0.00716666666666667 0.01475
0 0.42675 0.163625 0.0105 0.00825
0 0.465583333333333 0.189625 0.00883333333333333 0.01175
0 0.464416666666667 0.210625 0.0095 0.01025
0 0.45625 0.204125 0.00583333333333333 0.01475
0 0.45175 0.229625 0.0085 0.01175
0 0.46025 0.220875 0.00616666666666667 0.01575
0 0.482583333333333 0.244625 0.00716666666666667 0.01425
0 0.470583333333333 0.251375 0.0065 0.01375
0 0.462416666666667 0.243625 0.00883333333333333 0.01375
0 0.489083333333333 0.118125 0.0075 0.01575
0 0.461583333333333 0.511875 0.0111666666666667 0.00925
0 0.546916666666667 0.172375 0.00916666666666667 0.01375
0 0.51775 0.175625 0.00716666666666667 0.01625
0 0.51475 0.166625 0.00783333333333333 0.01575
0 0.558416666666667 0.158375 0.00916666666666667 0.01275
0 0.53725 0.245125 0.0065 0.01425
0 0.512916666666667 0.246125 0.00516666666666667 0.01575
0 0.54125 0.230875 0.00716666666666667 0.01225
0 0.54975 0.241125 0.0115 0.00775
0 0.48475 0.278125 0.0108333333333333 0.01025
0 0.518916666666667 0.277375 0.0055 0.01525
0 0.52625 0.276125 0.0101666666666667 0.01025
0 0.542583333333333 0.291375 0.00683333333333333 0.01575
0 0.54475 0.275125 0.00483333333333333 0.01725
0 0.582083333333333 0.232875 0.00783333333333333 0.01425
0 0.60025 0.231375 0.00816666666666667 0.01225
0 0.607583333333333 0.212125 0.00683333333333333 0.01425
0 0.624083333333333 0.190125 0.00716666666666667 0.01575
0 0.627416666666667 0.174625 0.00983333333333333 0.01275
0 0.64125 0.170875 0.00583333333333333 0.01675
0 0.635083333333333 0.187625 0.0065 0.01725
0 0.598083333333333 0.270625 0.0101666666666667 0.01225
0 0.620416666666667 0.270625 0.0108333333333333 0.00925
0 0.633416666666667 0.242875 0.0105 0.00975
0 0.628916666666667 0.235125 0.0115 0.00925
0 0.662583333333333 0.310625 0.0125 0.01025
0 0.648416666666667 0.327125 0.0111666666666667 0.00975
0 0.675583333333333 0.275625 0.0111666666666667 0.00975
0 0.690583333333333 0.287625 0.0115 0.00975
0 0.38425 0.382375 0.0105 0.01175
0 0.38825 0.391375 0.0101666666666667 0.00975
0 0.432916666666667 0.293375 0.0125 0.01175
0 0.451083333333333 0.286375 0.00816666666666667 0.01675
0 0.39875 0.336875 0.00616666666666667 0.01775
0 0.445583333333333 0.338375 0.0065 0.01675
0 0.28225 0.475625 0.0108333333333333 0.01025
0 0.275083333333333 0.461875 0.00783333333333333 0.01525
0 0.326416666666667 0.483375 0.00583333333333333 0.01575
0 0.30575 0.494125 0.0075 0.01525
0 0.28775 0.502125 0.0075 0.01425
0 0.33625 0.436875 0.0085 0.01425
0 0.320083333333333 0.451375 0.0101666666666667 0.00925
0 0.332916666666667 0.460375 0.0105 0.00625
0 0.32775 0.467375 0.0108333333333333 0.00725
