0 0.26025 0.538875 0.00983333333333333 0.00875
0 0.25675 0.531625 0.0101666666666667 0.00775
0 0.256583333333333 0.521625 0.00816666666666667 0.01225
0 0.18725 0.509375 0.00983333333333333 0.00775
0 0.380083333333333 0.596375 0.0108333333333333 0.01025
0 0.380916666666667 0.492375 0.00616666666666667 0.01425
0 0.39975 0.490625 0.0085 0.01325
0 0.29175 0.493375 0.0055 0.01525
0 0.261916666666667 0.494625 0.0101666666666667 0.00675
0 0.260083333333333 0.468125 0.0101666666666667 0.00675
0 0.226083333333333 0.429125 0.0101666666666667 0.00775
0 0.25675 0.421875 0.0055 0.01475
0 0.26425 0.413875 0.0075 0.01275
0 0.266416666666667 0.402125 0.00583333333333333 0.01325
0 0.27025 0.385625 0.0101666666666667 0.00725
0 0.217916666666667 0.337625 0.0095 0.00925
0 0.662083333333333 0.445875 0.00616666666666667 0.01575
0 0.64175 0.598875 0.0095 0.01375
0 0.632916666666667 0.634625 0.0105 0.01175
0 0.617416666666667 0.578125 0.00783333333333333 0.01225
0 0.723583333333333 0.480875 0.0101666666666667 0.01425
0 0.726583333333333 0.555625 0.0105 0.01175
0 0.73875 0.576375 0.0101666666666667 0.01225
0 0.707583333333333 0.603375 0.00816666666666667 0.01625
0 0.70025 0.613875 0.0108333333333333 0.01075
0 0.675583333333333 0.637375 0.0115 0.00875
0 0.675083333333333 0.678625 0.00483333333333333 0.01675
0 0.61875 0.652375 0.00616666666666667 0.01725
0 0.618916666666667 0.703375 0.00716666666666667 0.01625
0 0.603083333333333 0.668375 0.00683333333333333 0.01375
0 0.591583333333333 0.666875 0.0108333333333333 0.00875
0 0.585583333333333 0.676125 0.00916666666666667 0.01175
0 0.575916666666667 0.711625 0.00916666666666667 0.01425
0 0.575083333333333 0.749125 0.00983333333333333 0.00875
0 0.653583333333333 0.812875 0.0118333333333333 0.00825
0 0.62825 0.812625 0.0085 0.01225
0 0.617916666666667 0.814125 0.0085 0.01225
0 0.596916666666667 0.785375 0.0055 0.01475
0 0.659083333333333 0.497125 0.0055 0.01775
0 0.644916666666667 0.487625 0.00583333333333333 0.01725
0 0.651416666666667 0.522375 0.0065 0.01325
0 0.639083333333333 0.534375 0.0095 0.01025
0 0.651583333333333 0.564625 0.00616666666666667 0.01725
0 0.66125 0.544375 0.00516666666666667 0.01675
0 0.652916666666667 0.454375 0.0101666666666667 0.01025
0 0.630083333333333 0.497875 0.00616666666666667 0.01575
0 0.663416666666667 0.430625 0.0065 0.01525
0 0.66125 0.461875 0.0055 0.01875
0 0.559416666666667 0.823375 0.0055 0.01525
0 0.597083333333333 0.832375 0.0075 0.01225
0 0.60225 0.779125 0.0055 0.01675
0 0.46725 0.503625 0.00616666666666667 0.01825
0 0.624583333333333 0.435625 0.0115 0.00825
0 0.564083333333333 0.428375 0.00916666666666667 0.01475
0 0.659083333333333 0.404625 0.00883333333333333 0.01525
0 0.651916666666667 0.386125 0.0095 0.01425
0 0.731416666666667 0.360125 0.0125 0.00825
0 0.685583333333333 0.371375 0.0125 0.00975
0 0.645416666666667 0.364125 0.0118333333333333 0.01125
0 0.63475 0.350625 0.0108333333333333 0.01075
0 0.629416666666667 0.307875 0.0108333333333333 0.01275
0 0.61725 0.308125 0.0105 0.01275
0 0.61875 0.296875 0.0115 0.01125
0 0.625416666666667 0.295125 0.0085 0.01425
0 0.63075 0.283875 0.0118333333333333 0.00975
0 0.607416666666667 0.322375 0.0105 0.01325
0 0.61625 0.329125 0.00783333333333333 0.01675
0 0.68775 0.281625 0.00716666666666667 0.01775
0 0.678916666666667 0.192625 0.0055 0.01875
0 0.666416666666667 0.174875 0.0075 0.01725
0 0.593083333333333 0.267625 0.00583333333333333 0.01875
0 0.598083333333333 0.262875 0.00716666666666667 0.01725
0 0.619083333333333 0.250625 0.0085 0.01625
0 0.579583333333333 0.309375 0.0095 0.01475
0 0.58475 0.272875 0.00616666666666667 0.01825
0 0.582083333333333 0.251625 0.00616666666666667 0.01825
0 0.566416666666667 0.243375 0.0118333333333333 0.01025
0 0.574416666666667 0.233625 0.0118333333333333 0.01025
0 0.529583333333333 0.408125 0.00816666666666667 0.01675
0 0.510583333333333 0.406375 0.0121666666666667 0.00925
0 0.52025 0.359625 0.0085 0.01575
0 0.498083333333333 0.375125 0.00616666666666667 0.01825
0 0.459416666666667 0.388125 0.0065 0.01825
0 0.438583333333333 0.377125 0.0115 0.01125
0 0.515416666666667 0.330875 0.0125 0.00875
0 0.496416666666667 0.309875 0.0125 0.00825
0 0.526916666666667 0.297625 0.00783333333333333 0.01675
0 0.491583333333333 0.276125 0.0121666666666667 0.00975
0 0.552416666666667 0.215875 0.0055 0.01875
0 0.543583333333333 0.212875 0.00783333333333333 0.01675
0 0.531416666666667 0.207125 0.00983333333333333 0.01425
0 0.525916666666667 0.220375 0.00916666666666667 0.01525
0 0.633083333333333 0.158875 0.0121666666666667 0.00875
0 0.590083333333333 0.116875 0.0055 0.01875
0 0.510083333333333 0.236875 0.0095 0.01475
0 0.49575 0.221875 0.0065 0.01825
0 0.508916666666667 0.203625 0.00583333333333333 0.01875
0 0.501583333333333 0.203375 0.0055 0.01875
0 0.495583333333333 0.188625 0.0125 0.00825
0 0.485583333333333 0.190125 0.0115 0.01125
0 0.488916666666667 0.179375 0.0055 0.01825
0 0.46225 0.192125 0.00916666666666667 0.01525
0 0.444083333333333 0.198875 0.0111666666666667 0.01175
0 0.383416666666667 0.323875 0.00483333333333333 0.01825
0 0.31975 0.311625 0.0095 0.01475
0 0.286916666666667 0.328375 0.0065 0.01825
0 0.416583333333333 0.192125 0.00716666666666667 0.01725
0 0.404916666666667 0.215625 0.0115 0.00875
0 0.38475 0.251125 0.0121666666666667 0.00925
0 0.372416666666667 0.226125 0.00516666666666667 0.01775
0 0.350083333333333 0.237875 0.0111666666666667 0.01225
0 0.355416666666667 0.198625 0.0111666666666667 0.01175
0 0.366083333333333 0.094125 0.00783333333333333 0.01675
0 0.361583333333333 0.114875 0.00883333333333333 0.01575
0 0.336916666666667 0.174875 0.0105 0.01275
0 0.33025 0.160625 0.0111666666666667 0.01225
0 0.318083333333333 0.140125 0.0105 0.01275
0 0.32525 0.192875 0.0075 0.01725
0 0.31625 0.169625 0.00683333333333333 0.01775
0 0.292416666666667 0.213625 0.0101666666666667 0.01325
0 0.28175 0.188125 0.00616666666666667 0.01925
0 0.22875 0.242375 0.0118333333333333 0.01025
0 0.339583333333333 0.249125 0.0121666666666667 0.00875
0 0.31525 0.263875 0.0055 0.01875
0 0.528083333333333 0.117875 0.00516666666666667 0.01875
0 0.471083333333333 0.192875 0.0075 0.01675
0 0.523583333333333 0.648875 0.0115 0.01125
0 0.55125 0.667625 0.0101666666666667 0.00775
0 0.481583333333333 0.742375 0.0055 0.01525
0 0.45575 0.756125 0.00983333333333333 0.00875
0 0.451416666666667 0.742625 0.0075 0.01325
0 0.473416666666667 0.805125 0.00516666666666667 0.01575
0 0.457583333333333 0.809375 0.00683333333333333 0.01525
0 0.452583333333333 0.808625 0.00583333333333333 0.01675
0 0.44575 0.824875 0.00683333333333333 0.01525
0 0.407916666666667 0.817125 0.0055 0.01575
0 0.418083333333333 0.795125 0.0101666666666667 0.00775
0 0.401583333333333 0.889875 0.0108333333333333 0.00825
0 0.37025 0.862125 0.00516666666666667 0.01575
0 0.33725 0.851375 0.0055 0.01675
0 0.305416666666667 0.841875 0.0055 0.01625
0 0.380583333333333 0.763625 0.00783333333333333 0.01375
0 0.358083333333333 0.726125 0.0101666666666667 0.00775
0 0.351916666666667 0.702625 0.00616666666666667 0.01475
0 0.36775 0.649375 0.00983333333333333 0.00875
0 0.36475 0.636125 0.0115 0.00925
0 0.33425 0.633625 0.0065 0.01425
0 0.329583333333333 0.679875 0.00916666666666667 0.01175
0 0.32675 0.718125 0.00716666666666667 0.01125
0 0.299583333333333 0.752125 0.0095 0.00775
0 0.25725 0.758125 0.00583333333333333 0.01475
0 0.309583333333333 0.694875 0.0085 0.01125
0 0.298416666666667 0.668625 0.00883333333333333 0.01075
0 0.304583333333333 0.662375 0.0101666666666667 0.00825
0 0.30375 0.638625 0.0075 0.01475
0 0.26275 0.642625 0.0101666666666667 0.00825
0 0.21125 0.658125 0.00883333333333333 0.01075
0 0.20575 0.620625 0.0095 0.00975
0 0.268416666666667 0.587625 0.00983333333333333 0.00775
0 0.26075 0.550625 0.0095 0.00875
