0 0.233416666666667 0.509375 0.0065 0.01875
0 0.699416666666667 0.369875 0.0101666666666667 0.01475
0 0.63175 0.386875 0.0128333333333333 0.00875
0 0.635916666666667 0.396375 0.0128333333333333 0.00875
0 0.615583333333333 0.419625 0.0128333333333333 0.00925
0 0.34175 0.119625 0.0101666666666667 0.01425
0 0.358583333333333 0.118875 0.00616666666666667 0.01875
0 0.381083333333333 0.100375 0.00883333333333333 0.01725
0 0.38375 0.081125 0.0085 0.01675
0 0.408583333333333 0.127625 0.0105 0.01375
0 0.43575 0.096125 0.00983333333333333 0.01625
0 0.425083333333333 0.104625 0.0128333333333333 0.00875
0 0.497416666666667 0.053875 0.00816666666666667 0.01675
0 0.48575 0.070125 0.00783333333333333 0.01775
0 0.52925 0.068875 0.0121666666666667 0.01325
0 0.501916666666667 0.092625 0.0095 0.01575
0 0.552916666666667 0.123375 0.0128333333333333 0.00875
0 0.572916666666667 0.126125 0.0118333333333333 0.01175
0 0.493083333333333 0.146875 0.0128333333333333 0.01025
0 0.383416666666667 0.167125 0.00783333333333333 0.01775
0 0.405416666666667 0.173375 0.0108333333333333 0.01375
0 0.404916666666667 0.187375 0.0125 0.00975
0 0.417916666666667 0.201875 0.00716666666666667 0.01825
0 0.439583333333333 0.160125 0.0065 0.01725
0 0.433583333333333 0.175875 0.0111666666666667 0.01275
0 0.461583333333333 0.183125 0.0085 0.01675
0 0.473916666666667 0.197625 0.00716666666666667 0.01825
0 0.482583333333333 0.215375 0.00983333333333333 0.01525
0 0.507583333333333 0.187125 0.0118333333333333 0.01125
0 0.52825 0.198375 0.00583333333333333 0.01925
0 0.53025 0.233125 0.0125 0.00975
0 0.52175 0.228625 0.0055 0.01925
0 0.517916666666667 0.227625 0.00716666666666667 0.01825
0 0.51325 0.254125 0.0105 0.01475
0 0.57175 0.229125 0.00716666666666667 0.01825
0 0.627583333333333 0.230125 0.0085 0.01675
0 0.62225 0.271375 0.0125 0.01025
0 0.59525 0.274625 0.0125 0.00975
0 0.577583333333333 0.282125 0.00783333333333333 0.01775
0 0.59325 0.288625 0.00716666666666667 0.01825
0 0.596083333333333 0.284625 0.0121666666666667 0.01025
0 0.49675 0.288375 0.00916666666666667 0.01625
0 0.553416666666667 0.343625 0.0128333333333333 0.00875
0 0.593416666666667 0.310625 0.00616666666666667 0.01925
0 0.584583333333333 0.342625 0.0125 0.01125
0 0.58825 0.373375 0.00783333333333333 0.01825
0 0.604583333333333 0.357125 0.0101666666666667 0.01425
0 0.610583333333333 0.375375 0.0125 0.00975
0 0.65675 0.363625 0.0128333333333333 0.00925
0 0.633916666666667 0.416625 0.00583333333333333 0.01725
0 0.63525 0.427375 0.00516666666666667 0.01775
0 0.55325 0.428875 0.00583333333333333 0.01925
0 0.586416666666667 0.437125 0.00683333333333333 0.01875
0 0.621083333333333 0.446625 0.00883333333333333 0.01625
0 0.640083333333333 0.470625 0.00516666666666667 0.01775
0 0.685583333333333 0.471125 0.0128333333333333 0.00875
0 0.61475 0.475625 0.0115 0.01225
0 0.569916666666667 0.467625 0.00816666666666667 0.01725
0 0.577416666666667 0.500625 0.0075 0.01775
0 0.597916666666667 0.505375 0.00816666666666667 0.01725
0 0.693583333333333 0.523375 0.0128333333333333 0.00875
0 0.62775 0.528375 0.0101666666666667 0.01425
0 0.63175 0.551625 0.0118333333333333 0.01125
0 0.649916666666667 0.597625 0.0101666666666667 0.01425
0 0.68425 0.653125 0.0095 0.01575
0 0.678083333333333 0.668875 0.0111666666666667 0.00925
0 0.672083333333333 0.691375 0.0115 0.01175
0 0.654416666666667 0.734875 0.00816666666666667 0.01725
0 0.618416666666667 0.664375 0.00916666666666667 0.01325
0 0.609916666666667 0.649625 0.0085 0.01575
0 0.59725 0.661125 0.0121666666666667 0.00925
0 0.583416666666667 0.646125 0.0101666666666667 0.01125
0 0.576083333333333 0.577125 0.0065 0.01875
0 0.566916666666667 0.566375 0.00816666666666667 0.01725
0 0.536083333333333 0.570875 0.00716666666666667 0.01825
0 0.53425 0.608625 0.0075 0.01825
0 0.533583333333333 0.641375 0.0125 0.00925
0 0.538583333333333 0.659375 0.0115 0.01225
0 0.510916666666667 0.598125 0.00816666666666667 0.01725
0 0.495583333333333 0.617125 0.0128333333333333 0.00925
0 0.50225 0.678625 0.0125 0.00975
0 0.565916666666667 0.708125 0.0115 0.01275
0 0.543916666666667 0.707625 0.00583333333333333 0.01775
0 0.545416666666667 0.749625 0.0111666666666667 0.01275
0 0.540416666666667 0.728875 0.00583333333333333 0.01925
0 0.533583333333333 0.736125 0.0108333333333333 0.01325
0 0.532083333333333 0.715375 0.00683333333333333 0.01725
0 0.528083333333333 0.709625 0.0105 0.01425
0 0.522416666666667 0.726875 0.00616666666666667 0.01725
0 0.490916666666667 0.738125 0.0128333333333333 0.00925
0 0.577583333333333 0.824625 0.00583333333333333 0.01925
0 0.555916666666667 0.808625 0.0065 0.01875
0 0.54175 0.863875 0.00816666666666667 0.01725
0 0.485416666666667 0.776375 0.0101666666666667 0.01475
0 0.487416666666667 0.746625 0.0055 0.01925
0 0.465583333333333 0.744875 0.00516666666666667 0.01825
0 0.47925 0.728875 0.0101666666666667 0.01225
0 0.470916666666667 0.734625 0.0121666666666667 0.00875
0 0.45175 0.738375 0.0128333333333333 0.00875
0 0.482583333333333 0.867625 0.00616666666666667 0.01925
0 0.44925 0.890875 0.0125 0.01025
0 0.46225 0.647625 0.0095 0.01525
0 0.472916666666667 0.640125 0.00983333333333333 0.01525
0 0.46725 0.639125 0.0125 0.01025
0 0.486083333333333 0.489125 0.0105 0.01425
0 0.477083333333333 0.426375 0.0115 0.01225
0 0.479916666666667 0.415125 0.0128333333333333 0.00875
0 0.49825 0.383625 0.0085 0.01675
0 0.41875 0.327625 0.0128333333333333 0.00925
0 0.40125 0.312875 0.0101666666666667 0.01425
0 0.40425 0.321875 0.00816666666666667 0.01725
0 0.425583333333333 0.410625 0.0085 0.01675
0 0.395916666666667 0.394125 0.00783333333333333 0.01775
0 0.378083333333333 0.376875 0.0128333333333333 0.00925
0 0.33675 0.378875 0.0128333333333333 0.00875
0 0.447916666666667 0.509875 0.0125 0.00975
0 0.435583333333333 0.554125 0.00816666666666667 0.01725
0 0.422916666666667 0.570375 0.0128333333333333 0.00875
0 0.405416666666667 0.603875 0.0121666666666667 0.01075
0 0.37525 0.639625 0.00716666666666667 0.01825
0 0.364916666666667 0.631125 0.0128333333333333 0.00875
0 0.360416666666667 0.638625 0.0128333333333333 0.00925
0 0.37175 0.702375 0.00983333333333333 0.01525
0 0.43525 0.777625 0.00883333333333333 0.01625
0 0.427916666666667 0.805875 0.0118333333333333 0.01125
0 0.426916666666667 0.751625 0.0108333333333333 0.01225
0 0.426083333333333 0.758625 0.0125 0.01025
0 0.434916666666667 0.759375 0.00916666666666667 0.01625
0 0.416416666666667 0.756875 0.0101666666666667 0.01075
0 0.408416666666667 0.765875 0.0108333333333333 0.01125
0 0.403416666666667 0.789625 0.0101666666666667 0.01275
0 0.39825 0.765625 0.00816666666666667 0.01575
0 0.413583333333333 0.861375 0.0111666666666667 0.01275
0 0.391916666666667 0.832375 0.0095 0.01525
0 0.38825 0.824875 0.00783333333333333 0.01725
0 0.35975 0.874375 0.00683333333333333 0.01875
0 0.352416666666667 0.871125 0.0111666666666667 0.01175
0 0.306083333333333 0.837625 0.00783333333333333 0.01475
0 0.33775 0.823625 0.00583333333333333 0.01925
0 0.330916666666667 0.795625 0.00583333333333333 0.01925
0 0.324583333333333 0.818625 0.0085 0.01575
0 0.33025 0.820125 0.00583333333333333 0.01925
0 0.375916666666667 0.745375 0.00616666666666667 0.01875
0 0.361916666666667 0.785625 0.0128333333333333 0.00875
0 0.368583333333333 0.776875 0.0125 0.00975
0 0.366583333333333 0.769375 0.0121666666666667 0.01025
0 0.361416666666667 0.758375 0.0121666666666667 0.01075
0 0.345083333333333 0.749875 0.0128333333333333 0.00875
0 0.327916666666667 0.758875 0.0065 0.01875
0 0.320083333333333 0.757125 0.0085 0.01675
0 0.31375 0.726375 0.00983333333333333 0.01525
0 0.345583333333333 0.694875 0.0125 0.00975
0 0.299583333333333 0.712125 0.0125 0.00925
0 0.26125 0.809125 0.0128333333333333 0.00875
0 0.24425 0.776625 0.00816666666666667 0.01725
0 0.196416666666667 0.719375 0.00716666666666667 0.01825
0 0.25975 0.745125 0.00583333333333333 0.01925
0 0.27775 0.713375 0.00683333333333333 0.01875
0 0.291583333333333 0.693375 0.0108333333333333 0.01375
0 0.26325 0.688375 0.00583333333333333 0.01925
0 0.314083333333333 0.670125 0.0128333333333333 0.00925
0 0.279916666666667 0.667875 0.0128333333333333 0.00875
0 0.25625 0.668375 0.0095 0.01525
0 0.25075 0.668125 0.00983333333333333 0.01525
0 0.226916666666667 0.641875 0.00816666666666667 0.01725
0 0.243416666666667 0.630125 0.0111666666666667 0.01325
0 0.196583333333333 0.613125 0.0121666666666667 0.01075
0 0.196916666666667 0.634875 0.0085 0.01675
0 0.186916666666667 0.642375 0.0128333333333333 0.00925
0 0.171083333333333 0.616125 0.0111666666666667 0.01275
0 0.183916666666667 0.605625 0.0128333333333333 0.00875
0 0.18375 0.574125 0.0128333333333333 0.00925
0 0.16675 0.565375 0.0128333333333333 0.00875
0 0.26125 0.626875 0.0085 0.01625
0 0.256583333333333 0.623875 0.0065 0.01875
0 0.248583333333333 0.599125 0.0121666666666667 0.00975
0 0.240083333333333 0.591125 0.00583333333333333 0.01925
0 0.273083333333333 0.567375 0.0075 0.01825
0 0.26175 0.570625 0.0095 0.01575
0 0.242583333333333 0.554875 0.0125 0.00975
0 0.24025 0.579375 0.0085 0.01675
0 0.24425 0.576125 0.00816666666666667 0.01725
0 0.242583333333333 0.571375 0.00883333333333333 0.01175
0 0.24525 0.566625 0.0111666666666667 0.00825
0 0.25175 0.560375 0.00583333333333333 0.01875
0 0.266083333333333 0.511125 0.00916666666666667 0.01625
0 0.236583333333333 0.526875 0.00683333333333333 0.01675
0 0.27225 0.472625 0.0128333333333333 0.00925
0 0.158083333333333 0.535875 0.0111666666666667 0.01175
0 0.167083333333333 0.525125 0.0101666666666667 0.01475
0 0.161916666666667 0.521625 0.00983333333333333 0.01525
0 0.18775 0.489125 0.0075 0.01675
0 0.15475 0.472875 0.00883333333333333 0.01675
0 0.17475 0.467625 0.00583333333333333 0.01925
0 0.170583333333333 0.454875 0.0128333333333333 0.00875
0 0.207416666666667 0.471375 0.00583333333333333 0.01925
0 0.222083333333333 0.464125 0.0111666666666667 0.01275
0 0.483916666666667 0.062625 0.00916666666666667 0.01425
0 0.390083333333333 0.214125 0.00983333333333333 0.01525
0 0.384083333333333 0.208625 0.00516666666666667 0.01925
0 0.37675 0.206625 0.0125 0.00975
0 0.332083333333333 0.199875 0.00883333333333333 0.01625
0 0.356583333333333 0.217625 0.0111666666666667 0.00925
0 0.361583333333333 0.221625 0.00716666666666667 0.01675
0 0.352583333333333 0.231125 0.0095 0.01125
0 0.338416666666667 0.230625 0.00683333333333333 0.01825
0 0.336083333333333 0.276625 0.00516666666666667 0.01925
0 0.332416666666667 0.239375 0.0075 0.01775
0 0.325583333333333 0.237625 0.0111666666666667 0.00975
0 0.311583333333333 0.242375 0.0085 0.01675
0 0.29875 0.258375 0.0115 0.01225
0 0.267916666666667 0.246375 0.00583333333333333 0.01925
0 0.263583333333333 0.209375 0.00683333333333333 0.01875
0 0.26275 0.203375 0.0115 0.01225
0 0.277083333333333 0.278625 0.00583333333333333 0.01825
0 0.29575 0.281375 0.00683333333333333 0.01875
0 0.30175 0.281875 0.0075 0.01775
0 0.292416666666667 0.309625 0.0121666666666667 0.01025
0 0.22625 0.222125 0.0085 0.01675
0 0.223916666666667 0.230375 0.00583333333333333 0.01925
0 0.224583333333333 0.254625 0.00583333333333333 0.01925
0 0.210583333333333 0.273125 0.0108333333333333 0.01525
0 0.20375 0.290875 0.0085 0.01675
0 0.26675 0.312625 0.0065 0.01675
0 0.26625 0.333375 0.00616666666666667 0.01675
0 0.280083333333333 0.358875 0.0101666666666667 0.01425
0 0.21225 0.353375 0.0115 0.01225
0 0.17575 0.339375 0.0128333333333333 0.01075
0 0.169416666666667 0.362125 0.0128333333333333 0.00875
0 0.192083333333333 0.413125 0.0125 0.01025
0 0.249916666666667 0.365375 0.0111666666666667 0.01125
0 0.255083333333333 0.385875 0.0125 0.00975
0 0.25875 0.393125 0.0095 0.01575
0 0.288916666666667 0.434125 0.0108333333333333 0.01375
0 0.230416666666667 0.416875 0.0111666666666667 0.01325
0 0.237916666666667 0.414125 0.00683333333333333 0.01875
0 0.230583333333333 0.490125 0.00583333333333333 0.01925
0 0.234083333333333 0.504375 0.00916666666666667 0.00925
0 0.308583333333333 0.546875 0.00983333333333333 0.00775
0 0.218916666666667 0.756125 0.0105 0.01375
