0 0.571583333333333 0.545125 0.00783333333333333 0.00975
0 0.28575 0.529625 0.00916666666666667 0.00725
0 0.350416666666667 0.518625 0.00883333333333333 0.01075
0 0.35575 0.524125 0.0085 0.01475
0 0.36025 0.530375 0.0055 0.01725
0 0.37025 0.539375 0.00683333333333333 0.01325
0 0.371583333333333 0.527625 0.0075 0.01425
0 0.344583333333333 0.574875 0.00983333333333333 0.00925
0 0.322583333333333 0.579625 0.00483333333333333 0.01675
0 0.342416666666667 0.592875 0.00516666666666667 0.01675
0 0.361583333333333 0.618625 0.00816666666666667 0.01375
0 0.353583333333333 0.624875 0.00983333333333333 0.00825
0 0.347583333333333 0.638375 0.0075 0.01325
0 0.305916666666667 0.607375 0.00983333333333333 0.00725
0 0.306083333333333 0.617875 0.0101666666666667 0.00725
0 0.321916666666667 0.622375 0.0095 0.00875
0 0.331083333333333 0.620625 0.00583333333333333 0.01275
0 0.328083333333333 0.631875 0.0095 0.00775
0 0.326916666666667 0.658625 0.0101666666666667 0.00975
0 0.396416666666667 0.673375 0.0151666666666667 0.00975
0 0.393916666666667 0.663125 0.0095 0.00825
0 0.441083333333333 0.699125 0.0095 0.01075
0 0.425916666666667 0.689125 0.0085 0.01075
0 0.427083333333333 0.699125 0.00983333333333333 0.01075
0 0.421583333333333 0.706125 0.0118333333333333 0.00775
0 0.41575 0.698125 0.00883333333333333 0.00925
0 0.408916666666667 0.689125 0.00816666666666667 0.01225
0 0.399583333333333 0.710125 0.0065 0.01425
0 0.39625 0.698125 0.00483333333333333 0.01525
0 0.38075 0.740375 0.00983333333333333 0.01175
0 0.370916666666667 0.747375 0.00416666666666667 0.01775
0 0.371916666666667 0.758375 0.0105 0.00675
0 0.36925 0.766375 0.00783333333333333 0.01425
0 0.403083333333333 0.774625 0.00583333333333333 0.01575
0 0.421083333333333 0.757375 0.0095 0.01125
0 0.412916666666667 0.783375 0.0101666666666667 0.00975
0 0.412083333333333 0.777375 0.00516666666666667 0.01725
0 0.416416666666667 0.768375 0.00516666666666667 0.01825
0 0.404916666666667 0.797375 0.0095 0.01175
0 0.40525 0.807875 0.0101666666666667 0.00825
0 0.412916666666667 0.811875 0.00816666666666667 0.01375
0 0.42675 0.808125 0.0065 0.01525
0 0.444416666666667 0.824125 0.00616666666666667 0.01575
0 0.454583333333333 0.823375 0.00616666666666667 0.01625
0 0.472416666666667 0.796625 0.00516666666666667 0.01625
0 0.466416666666667 0.801875 0.00516666666666667 0.01775
0 0.490916666666667 0.811875 0.00816666666666667 0.01475
0 0.516583333333333 0.819125 0.00716666666666667 0.01425
0 0.526083333333333 0.826125 0.00583333333333333 0.01425
0 0.501583333333333 0.842625 0.0085 0.01025
0 0.519416666666667 0.850625 0.00616666666666667 0.01675
0 0.51525 0.858375 0.00983333333333333 0.00975
0 0.47725 0.856375 0.00583333333333333 0.01525
0 0.483916666666667 0.863125 0.00683333333333333 0.01475
0 0.538916666666667 0.876125 0.00583333333333333 0.01675
0 0.594916666666667 0.878375 0.0108333333333333 0.00825
0 0.61475 0.866625 0.0075 0.01475
0 0.616583333333333 0.845125 0.00516666666666667 0.01575
0 0.63475 0.869125 0.00583333333333333 0.01475
0 0.583916666666667 0.805625 0.0101666666666667 0.00925
0 0.523083333333333 0.775375 0.00916666666666667 0.01125
0 0.50375 0.779625 0.00916666666666667 0.01125
0 0.486583333333333 0.772125 0.00783333333333333 0.01175
0 0.49725 0.749125 0.00916666666666667 0.00675
0 0.505416666666667 0.767125 0.0095 0.00625
0 0.552583333333333 0.779625 0.00716666666666667 0.01275
0 0.546083333333333 0.764625 0.00683333333333333 0.01325
0 0.540916666666667 0.739625 0.00916666666666667 0.00975
0 0.544083333333333 0.750375 0.00916666666666667 0.00925
0 0.607416666666667 0.773875 0.0101666666666667 0.00675
0 0.619916666666667 0.762375 0.0095 0.00775
0 0.639916666666667 0.754625 0.00983333333333333 0.00825
0 0.636083333333333 0.808875 0.0055 0.01725
0 0.64825 0.813375 0.0075 0.01575
0 0.655416666666667 0.799875 0.0095 0.00825
0 0.685583333333333 0.812125 0.00416666666666667 0.01775
0 0.696416666666667 0.812125 0.0105 0.01075
0 0.714916666666667 0.777625 0.00616666666666667 0.01675
0 0.735083333333333 0.774625 0.0111666666666667 0.00925
0 0.738083333333333 0.767125 0.00983333333333333 0.00875
0 0.75125 0.759625 0.0115 0.00825
0 0.701583333333333 0.757625 0.0101666666666667 0.00725
0 0.717583333333333 0.725625 0.00883333333333333 0.01025
0 0.693083333333333 0.712375 0.00783333333333333 0.01125
0 0.68325 0.722125 0.00616666666666667 0.01325
0 0.648583333333333 0.720625 0.0085 0.01025
0 0.638583333333333 0.699875 0.00616666666666667 0.01325
0 0.62575 0.684875 0.0085 0.01025
0 0.65525 0.686625 0.00783333333333333 0.01125
0 0.680416666666667 0.672625 0.00583333333333333 0.01375
0 0.706583333333333 0.680125 0.0075 0.01175
0 0.701583333333333 0.668875 0.00516666666666667 0.01425
0 0.696583333333333 0.661125 0.00883333333333333 0.00925
0 0.682583333333333 0.647375 0.00783333333333333 0.01375
0 0.72575 0.652125 0.00483333333333333 0.01675
0 0.755083333333333 0.673875 0.0085 0.01325
0 0.763916666666667 0.703625 0.00483333333333333 0.01475
0 0.77475 0.704625 0.0118333333333333 0.00775
0 0.817916666666667 0.645625 0.00783333333333333 0.01325
0 0.81375 0.632125 0.00983333333333333 0.00975
0 0.794416666666667 0.617125 0.00983333333333333 0.00975
0 0.79675 0.608375 0.0101666666666667 0.00975
0 0.78525 0.591125 0.0101666666666667 0.01375
0 0.77675 0.587625 0.0101666666666667 0.01375
0 0.71375 0.622375 0.0095 0.01225
0 0.722583333333333 0.602375 0.0115 0.00775
0 0.724583333333333 0.592125 0.0055 0.01675
0 0.719416666666667 0.586625 0.00516666666666667 0.01625
0 0.70375 0.600375 0.00683333333333333 0.01375
0 0.702583333333333 0.588875 0.00983333333333333 0.00875
0 0.68475 0.603125 0.00583333333333333 0.01625
0 0.675083333333333 0.606375 0.0101666666666667 0.00925
0 0.705916666666667 0.568875 0.0075 0.01425
0 0.671916666666667 0.574875 0.00916666666666667 0.01225
0 0.641083333333333 0.647875 0.0055 0.01275
0 0.40825 0.493125 0.0045 0.01575
0 0.424916666666667 0.456875 0.0045 0.01725
0 0.393583333333333 0.477625 0.00983333333333333 0.00675
0 0.38525 0.477625 0.0045 0.01625
0 0.366083333333333 0.580875 0.00616666666666667 0.01225
0 0.423916666666667 0.605375 0.00483333333333333 0.01375
0 0.431583333333333 0.616875 0.00516666666666667 0.01425
0 0.42525 0.641125 0.0105 0.01025
0 0.441583333333333 0.642625 0.0101666666666667 0.00625
0 0.486583333333333 0.581375 0.0085 0.01125
0 0.43875 0.732125 0.00983333333333333 0.01025
0 0.39975 0.311125 0.00983333333333333 0.01575
0 0.50825 0.242875 0.00783333333333333 0.01675
0 0.473916666666667 0.285375 0.00983333333333333 0.01075
0 0.47925 0.384375 0.00816666666666667 0.01575
0 0.61525 0.366375 0.00583333333333333 0.01725
0 0.61525 0.380625 0.0108333333333333 0.01275
0 0.358583333333333 0.379625 0.0115 0.00925
0 0.36725 0.384125 0.0111666666666667 0.00875
0 0.380583333333333 0.379875 0.0045 0.01275
0 0.363583333333333 0.405875 0.0111666666666667 0.00775
0 0.34375 0.337875 0.0115 0.00925
0 0.343916666666667 0.346625 0.0115 0.01125
0 0.334916666666667 0.437875 0.0111666666666667 0.01025
0 0.343416666666667 0.461125 0.00883333333333333 0.01175
0 0.35825 0.452625 0.0118333333333333 0.00925
0 0.35275 0.458125 0.00783333333333333 0.01725
0 0.318916666666667 0.456875 0.00916666666666667 0.01075
0 0.343916666666667 0.504875 0.0111666666666667 0.00875
0 0.372416666666667 0.459625 0.00516666666666667 0.01525
0 0.397583333333333 0.448625 0.00516666666666667 0.01925
0 0.49475 0.653375 0.00516666666666667 0.01825
0 0.504416666666667 0.691375 0.0125 0.01275
0 0.491416666666667 0.626625 0.00683333333333333 0.01825
0 0.545083333333333 0.650875 0.0115 0.00825
0 0.50775 0.591125 0.00516666666666667 0.01625
0 0.55925 0.601375 0.00516666666666667 0.01725
0 0.506916666666667 0.731125 0.00683333333333333 0.01625
0 0.36425 0.667125 0.0075 0.01775
0 0.565583333333333 0.635875 0.00616666666666667 0.01725
0 0.70275 0.330875 0.00483333333333333 0.01725
0 0.677083333333333 0.383625 0.00483333333333333 0.01475
0 0.724916666666667 0.463375 0.0101666666666667 0.01375
0 0.744083333333333 0.437375 0.00683333333333333 0.01525
0 0.739916666666667 0.477125 0.0075 0.01375
0 0.501583333333333 0.489125 0.0085 0.01425
0 0.539416666666667 0.473375 0.00616666666666667 0.01275
0 0.532583333333333 0.467875 0.00916666666666667 0.01175
0 0.51825 0.459375 0.00883333333333333 0.01025
0 0.525916666666667 0.454625 0.00983333333333333 0.00825
0 0.451916666666667 0.726625 0.0101666666666667 0.01225
0 0.594416666666667 0.699125 0.0128333333333333 0.00925
0 0.603416666666667 0.694375 0.0125 0.00725
0 0.541583333333333 0.631125 0.0135 0.00975
0 0.53625 0.755625 0.00516666666666667 0.01575
0 0.55325 0.793125 0.00516666666666667 0.01675
0 0.475583333333333 0.788125 0.0065 0.01775
0 0.55075 0.854375 0.00583333333333333 0.01875
0 0.584583333333333 0.780125 0.00816666666666667 0.01675
0 0.516583333333333 0.571875 0.0045 0.01625
0 0.497416666666667 0.580875 0.00983333333333333 0.00675
0 0.53175 0.574875 0.00616666666666667 0.01475
0 0.49725 0.523375 0.0118333333333333 0.00675
0 0.580416666666667 0.544375 0.0085 0.01175
0 0.586583333333333 0.593375 0.00716666666666667 0.01575
0 0.60175 0.610875 0.00883333333333333 0.01175
0 0.606416666666667 0.592375 0.00683333333333333 0.01375
0 0.602083333333333 0.567125 0.00816666666666667 0.00975
0 0.59475 0.564375 0.00783333333333333 0.01575
0 0.633083333333333 0.605625 0.00816666666666667 0.01475
0 0.636083333333333 0.593875 0.0101666666666667 0.00825
0 0.635916666666667 0.561625 0.00683333333333333 0.01525
0 0.617916666666667 0.551125 0.00716666666666667 0.01175
0 0.621583333333333 0.541625 0.0101666666666667 0.01125
0 0.645583333333333 0.521625 0.00983333333333333 0.00975
0 0.627916666666667 0.447625 0.00716666666666667 0.01825
0 0.63775 0.433875 0.00816666666666667 0.01225
0 0.59625 0.520625 0.00416666666666667 0.01625
0 0.41975 0.677875 0.0101666666666667 0.00625
0 0.374083333333333 0.643875 0.0105 0.00775
0 0.356416666666667 0.639875 0.0095 0.01075
0 0.529416666666667 0.295375 0.00716666666666667 0.01425
0 0.553083333333333 0.302125 0.00883333333333333 0.01175
0 0.587083333333333 0.859375 0.0065 0.01575
0 0.604583333333333 0.421875 0.00816666666666667 0.01225
0 0.593083333333333 0.433125 0.00716666666666667 0.01375
0 0.59425 0.491875 0.00816666666666667 0.01525
0 0.566916666666667 0.444625 0.0105 0.01025
0 0.58825 0.508125 0.00483333333333333 0.01725
0 0.575416666666667 0.503625 0.00583333333333333 0.01275
0 0.565583333333333 0.519875 0.00583333333333333 0.01425
0 0.570083333333333 0.522125 0.00683333333333333 0.01225
0 0.565083333333333 0.530875 0.0095 0.00675
0 0.56175 0.412125 0.00483333333333333 0.01475
0 0.537916666666667 0.435875 0.00583333333333333 0.01525
0 0.535083333333333 0.458375 0.0045 0.01475
0 0.530916666666667 0.450875 0.0045 0.01425
0 0.49975 0.450875 0.00816666666666667 0.01025
0 0.485416666666667 0.467125 0.00716666666666667 0.01175
0 0.56775 0.559625 0.00983333333333333 0.00475
0 0.464083333333333 0.472875 0.0055 0.01475
0 0.46525 0.456875 0.00683333333333333 0.01225
0 0.46075 0.460375 0.0095 0.00775
0 0.45375 0.445625 0.00983333333333333 0.00825
0 0.459916666666667 0.433875 0.00783333333333333 0.01125
0 0.479416666666667 0.417125 0.00683333333333333 0.01425
0 0.452583333333333 0.407125 0.00783333333333333 0.01525
0 0.443583333333333 0.411875 0.00783333333333333 0.01525
0 0.450416666666667 0.397125 0.00783333333333333 0.01525
0 0.446916666666667 0.391375 0.0105 0.00625
0 0.48325 0.362375 0.0101666666666667 0.00625
0 0.511083333333333 0.389875 0.00416666666666667 0.01625
0 0.556916666666667 0.354625 0.0101666666666667 0.01175
0 0.580916666666667 0.331125 0.0105 0.00775
0 0.54475 0.338375 0.0115 0.00875
0 0.555583333333333 0.319625 0.00516666666666667 0.01475
0 0.538083333333333 0.327375 0.0108333333333333 0.00725
0 0.535083333333333 0.315125 0.00816666666666667 0.01225
0 0.52075 0.322625 0.00483333333333333 0.01525
0 0.556583333333333 0.292375 0.0105 0.00875
0 0.489583333333333 0.286375 0.00883333333333333 0.01025
0 0.459916666666667 0.320625 0.00583333333333333 0.01475
0 0.429916666666667 0.491125 0.0065 0.01225
0 0.50525 0.265375 0.0065 0.01525
0 0.495916666666667 0.252875 0.00916666666666667 0.01025
0 0.490916666666667 0.258625 0.0111666666666667 0.01025
0 0.551083333333333 0.238125 0.0065 0.01475
0 0.681083333333333 0.286875 0.00816666666666667 0.01375
0 0.678083333333333 0.264875 0.00883333333333333 0.01125
0 0.72875 0.402875 0.00583333333333333 0.01475
0 0.729583333333333 0.390375 0.00616666666666667 0.01375
0 0.748083333333333 0.404625 0.0075 0.01175
0 0.754416666666667 0.400625 0.0065 0.01025
0 0.736916666666667 0.382375 0.0045 0.01275
0 0.72875 0.479875 0.00916666666666667 0.01075
0 0.73625 0.486875 0.00516666666666667 0.01175
0 0.764916666666667 0.486375 0.0105 0.00975
0 0.782416666666667 0.481625 0.0108333333333333 0.00975
0 0.789416666666667 0.470875 0.0095 0.00925
0 0.43175 0.550125 0.00483333333333333 0.01375
0 0.452083333333333 0.534875 0.0075 0.01025
0 0.798416666666667 0.463875 0.00883333333333333 0.01025
0 0.80875 0.491125 0.00883333333333333 0.01225
0 0.814916666666667 0.499375 0.00916666666666667 0.00875
0 0.807416666666667 0.520625 0.00983333333333333 0.00825
0 0.768583333333333 0.512625 0.00783333333333333 0.01225
0 0.765583333333333 0.543375 0.00816666666666667 0.01075
0 0.754916666666667 0.534875 0.0075 0.01175
0 0.747416666666667 0.544875 0.0095 0.01025
0 0.759416666666667 0.561875 0.00816666666666667 0.01275
0 0.780083333333333 0.564375 0.00583333333333333 0.01625
0 0.780083333333333 0.576125 0.0111666666666667 0.00825
0 0.759083333333333 0.583875 0.0065 0.01375
0 0.739083333333333 0.564625 0.0101666666666667 0.01075
0 0.726416666666667 0.553625 0.0095 0.01175
0 0.73725 0.590375 0.0045 0.01525
0 0.73625 0.578375 0.00683333333333333 0.01425
0 0.750583333333333 0.371375 0.00483333333333333 0.01675
0 0.736583333333333 0.360125 0.00683333333333333 0.01375
0 0.727083333333333 0.323625 0.00983333333333333 0.00725
0 0.774583333333333 0.336375 0.0101666666666667 0.00725
0 0.78925 0.391875 0.00916666666666667 0.00925
0 0.79625 0.402375 0.0085 0.01075
0 0.829583333333333 0.392625 0.00816666666666667 0.00825
0 0.823916666666667 0.375625 0.00783333333333333 0.00775
0 0.776083333333333 0.281375 0.0085 0.00825
0 0.746083333333333 0.188375 0.0065 0.01125
0 0.709583333333333 0.193375 0.0055 0.01425
0 0.68975 0.177375 0.00883333333333333 0.00975
0 0.682583333333333 0.180625 0.0105 0.00725
0 0.686416666666667 0.197875 0.00716666666666667 0.01125
0 0.694416666666667 0.205375 0.00783333333333333 0.01025
0 0.657416666666667 0.210375 0.00883333333333333 0.01225
0 0.63175 0.195875 0.0075 0.01225
0 0.625083333333333 0.197125 0.0095 0.01425
0 0.622083333333333 0.187875 0.0075 0.01425
0 0.60225 0.190875 0.00616666666666667 0.01275
0 0.604583333333333 0.204125 0.00983333333333333 0.00775
0 0.600916666666667 0.156375 0.0095 0.01125
0 0.65725 0.127625 0.00583333333333333 0.01525
0 0.602916666666667 0.108625 0.00683333333333333 0.01225
0 0.555583333333333 0.175875 0.0055 0.01575
0 0.54675 0.166875 0.00783333333333333 0.01375
0 0.536916666666667 0.133875 0.00683333333333333 0.01525
0 0.52925 0.102875 0.0065 0.01375
0 0.49325 0.139125 0.0075 0.01225
0 0.488416666666667 0.166375 0.00483333333333333 0.01575
0 0.48225 0.119125 0.00816666666666667 0.01175
0 0.509583333333333 0.105625 0.0055 0.01475
0 0.532416666666667 0.073375 0.0055 0.01525
0 0.54425 0.055625 0.0055 0.01375
0 0.56125 0.875875 0.0101666666666667 0.00675
0 0.52375 0.064375 0.00683333333333333 0.01225
0 0.46675 0.099375 0.00616666666666667 0.01425
0 0.456583333333333 0.130875 0.00616666666666667 0.01475
0 0.451083333333333 0.102375 0.0065 0.01375
0 0.42425 0.113875 0.00716666666666667 0.01225
0 0.416416666666667 0.150125 0.0055 0.01425
0 0.41325 0.166875 0.00883333333333333 0.01025
0 0.401916666666667 0.156125 0.00483333333333333 0.01475
0 0.480583333333333 0.196125 0.00416666666666667 0.01475
0 0.448083333333333 0.202875 0.00616666666666667 0.01275
0 0.440083333333333 0.203875 0.00383333333333333 0.01525
0 0.422083333333333 0.226875 0.0065 0.01375
0 0.407583333333333 0.210375 0.00483333333333333 0.01475
0 0.391583333333333 0.193125 0.00983333333333333 0.00875
0 0.36575 0.192625 0.0045 0.01475
0 0.351583333333333 0.233625 0.0055 0.01475
0 0.33875 0.233375 0.0065 0.01125
0 0.379916666666667 0.273875 0.0085 0.01175
0 0.410916666666667 0.366375 0.0065 0.01425
0 0.35625 0.305375 0.0095 0.00825
0 0.354583333333333 0.290625 0.00783333333333333 0.01075
0 0.314916666666667 0.338875 0.00916666666666667 0.00825
0 0.302583333333333 0.335375 0.0095 0.00875
0 0.295583333333333 0.344625 0.0065 0.01375
0 0.299583333333333 0.372375 0.0095 0.00925
0 0.30975 0.405625 0.00816666666666667 0.00775
0 0.316083333333333 0.413125 0.00583333333333333 0.01775
0 0.286083333333333 0.427125 0.00916666666666667 0.00875
0 0.27875 0.441875 0.0095 0.01025
0 0.309416666666667 0.470125 0.00583333333333333 0.01675
0 0.315416666666667 0.516125 0.0055 0.01675
0 0.286083333333333 0.519375 0.0095 0.00675
