0 0.35875 0.184625 0.0055 0.01975
0 0.364583333333333 0.184375 0.0055 0.01975
0 0.37375 0.179875 0.0055 0.01975
0 0.37725 0.198125 0.0115 0.01225
0 0.39775 0.141625 0.0065 0.01875
0 0.391083333333333 0.173875 0.0131666666666667 0.00775
0 0.383416666666667 0.170875 0.0121666666666667 0.01075
0 0.392083333333333 0.182625 0.0101666666666667 0.01025
0 0.398583333333333 0.191875 0.0095 0.01125
0 0.40625 0.184625 0.00483333333333333 0.01725
0 0.41425 0.186875 0.00516666666666667 0.01725
0 0.342916666666667 0.049625 0.00783333333333333 0.02075
0 0.36475 0.062875 0.0108333333333333 0.01775
0 0.36675 0.036375 0.0065 0.02175
0 0.390083333333333 0.070625 0.0138333333333333 0.00825
0 0.416416666666667 0.019375 0.0101666666666667 0.01625
0 0.45575 0.024375 0.00883333333333333 0.01525
0 0.492583333333333 0.047875 0.00883333333333333 0.01525
0 0.497416666666667 0.066875 0.00883333333333333 0.01525
0 0.53775 0.034625 0.00683333333333333 0.01775
0 0.50875 0.093625 0.0065 0.01575
0 0.50275 0.098125 0.00683333333333333 0.01775
0 0.29525 0.116375 0.00883333333333333 0.01825
0 0.284083333333333 0.122625 0.00583333333333333 0.02075
0 0.23625 0.205125 0.0121666666666667 0.01025
0 0.334416666666667 0.152375 0.0131666666666667 0.01125
0 0.36175 0.160125 0.0118333333333333 0.01375
0 0.347583333333333 0.171375 0.0138333333333333 0.00925
0 0.334416666666667 0.171875 0.00683333333333333 0.01975
0 0.59375 0.513625 0.0108333333333333 0.01125
0 0.58325 0.412125 0.0115 0.00875
0 0.567416666666667 0.384375 0.0115 0.00825
0 0.59425 0.555375 0.00983333333333333 0.01225
0 0.603916666666667 0.557125 0.00816666666666667 0.01475
0 0.58275 0.570375 0.00916666666666667 0.01325
0 0.55275 0.556125 0.0108333333333333 0.01025
0 0.54025 0.450625 0.00783333333333333 0.01525
0 0.546416666666667 0.356125 0.00983333333333333 0.01175
0 0.49925 0.345625 0.00816666666666667 0.01575
0 0.50625 0.372875 0.0085 0.01425
0 0.50075 0.382375 0.00616666666666667 0.01675
0 0.52375 0.423375 0.0115 0.00825
0 0.49675 0.417875 0.00683333333333333 0.01625
0 0.44975 0.430625 0.00583333333333333 0.01725
0 0.38875 0.354875 0.0055 0.01725
0 0.419416666666667 0.415375 0.00716666666666667 0.01675
0 0.39075 0.491375 0.0095 0.01325
0 0.400916666666667 0.475875 0.00583333333333333 0.01725
0 0.40475 0.473625 0.00583333333333333 0.01725
0 0.409583333333333 0.488125 0.0108333333333333 0.01075
0 0.449416666666667 0.488375 0.0115 0.00875
0 0.510416666666667 0.464875 0.00816666666666667 0.01525
0 0.471083333333333 0.493875 0.00983333333333333 0.01325
0 0.47425 0.500875 0.0101666666666667 0.01275
0 0.473416666666667 0.511875 0.0055 0.01775
0 0.479416666666667 0.530125 0.0118333333333333 0.00825
0 0.504416666666667 0.556625 0.0118333333333333 0.00825
0 0.45475 0.553625 0.0115 0.00875
0 0.40625 0.535125 0.0131666666666667 0.00825
0 0.333083333333333 0.526875 0.0101666666666667 0.01475
0 0.28975 0.398625 0.0128333333333333 0.00925
0 0.245416666666667 0.435625 0.0125 0.01025
0 0.256083333333333 0.470375 0.0118333333333333 0.00925
0 0.276083333333333 0.456375 0.00816666666666667 0.01575
0 0.28725 0.480125 0.0111666666666667 0.01075
0 0.30475 0.533875 0.00583333333333333 0.01825
0 0.180916666666667 0.329375 0.0105 0.01225
0 0.214583333333333 0.362875 0.00916666666666667 0.01475
0 0.177916666666667 0.391375 0.0115 0.01025
0 0.173916666666667 0.453875 0.0121666666666667 0.00875
0 0.23125 0.434375 0.0065 0.01725
0 0.18525 0.556375 0.0121666666666667 0.00875
0 0.184416666666667 0.573125 0.0121666666666667 0.00825
0 0.181083333333333 0.588625 0.0121666666666667 0.00825
0 0.225083333333333 0.542625 0.0118333333333333 0.00875
0 0.238083333333333 0.554625 0.0101666666666667 0.01275
0 0.223583333333333 0.579375 0.0101666666666667 0.01275
0 0.234416666666667 0.581625 0.0108333333333333 0.01175
0 0.213083333333333 0.603625 0.0111666666666667 0.01125
0 0.17875 0.643375 0.0118333333333333 0.00975
0 0.297583333333333 0.567875 0.00616666666666667 0.01775
0 0.278416666666667 0.623125 0.0118333333333333 0.00825
0 0.296916666666667 0.647625 0.0108333333333333 0.01175
0 0.308583333333333 0.645125 0.0101666666666667 0.01275
0 0.300416666666667 0.655875 0.00583333333333333 0.01775
0 0.325583333333333 0.658125 0.0095 0.01425
0 0.344416666666667 0.645625 0.0121666666666667 0.00825
0 0.298416666666667 0.690375 0.0118333333333333 0.00925
0 0.20675 0.661625 0.00616666666666667 0.01775
0 0.227583333333333 0.684375 0.0118333333333333 0.00875
0 0.22875 0.690625 0.0105 0.01225
0 0.216083333333333 0.700375 0.0115 0.01025
0 0.236916666666667 0.704125 0.00983333333333333 0.01375
0 0.228416666666667 0.721625 0.0111666666666667 0.01125
0 0.25275 0.728375 0.00816666666666667 0.01575
0 0.28325 0.737375 0.00916666666666667 0.01425
0 0.28175 0.757875 0.0105 0.01225
0 0.335416666666667 0.702625 0.00816666666666667 0.01575
0 0.35075 0.723875 0.0111666666666667 0.01125
0 0.321916666666667 0.738125 0.0085 0.01525
0 0.32775 0.758875 0.0115 0.01025
0 0.347916666666667 0.752375 0.00816666666666667 0.01575
0 0.319083333333333 0.782125 0.0055 0.01825
0 0.336083333333333 0.799125 0.0095 0.01425
0 0.346083333333333 0.822875 0.0095 0.01425
0 0.353583333333333 0.844625 0.00983333333333333 0.01325
0 0.391083333333333 0.849625 0.00583333333333333 0.01825
0 0.407416666666667 0.822375 0.00916666666666667 0.01475
0 0.36975 0.728875 0.0101666666666667 0.01275
0 0.38625 0.754875 0.0121666666666667 0.00825
0 0.399083333333333 0.750625 0.0101666666666667 0.01275
0 0.392583333333333 0.713875 0.00583333333333333 0.01775
0 0.389083333333333 0.693875 0.00983333333333333 0.01375
0 0.43375 0.746125 0.0121666666666667 0.00825
0 0.45325 0.745625 0.0118333333333333 0.00875
0 0.458583333333333 0.758375 0.0121666666666667 0.00825
0 0.462083333333333 0.764375 0.0115 0.01025
0 0.435583333333333 0.747625 0.0095 0.01425
0 0.381916666666667 0.636375 0.00583333333333333 0.01775
0 0.396916666666667 0.642875 0.00583333333333333 0.01825
0 0.392416666666667 0.620375 0.0121666666666667 0.00825
0 0.41625 0.600875 0.0095 0.01425
0 0.418583333333333 0.614375 0.0121666666666667 0.00825
0 0.443416666666667 0.588375 0.0121666666666667 0.00875
0 0.457083333333333 0.651625 0.0115 0.01025
0 0.490416666666667 0.589875 0.0085 0.01525
0 0.42525 0.839125 0.0055 0.01825
0 0.427083333333333 0.858875 0.0095 0.01425
0 0.427083333333333 0.869375 0.00616666666666667 0.01775
0 0.447583333333333 0.867375 0.0095 0.01425
0 0.467916666666667 0.857625 0.0085 0.01525
0 0.474083333333333 0.815375 0.0075 0.01675
0 0.47875 0.792875 0.0108333333333333 0.01175
0 0.496083333333333 0.864125 0.0055 0.01825
0 0.50325 0.849375 0.0055 0.01825
0 0.50925 0.847125 0.0055 0.01825
0 0.515416666666667 0.847125 0.0055 0.01825
0 0.53325 0.838625 0.0055 0.01825
0 0.534416666666667 0.859875 0.0108333333333333 0.01125
0 0.49525 0.703125 0.0111666666666667 0.01075
0 0.51225 0.703625 0.00916666666666667 0.01475
0 0.53575 0.697875 0.0118333333333333 0.00925
0 0.537416666666667 0.676375 0.0121666666666667 0.00825
0 0.513916666666667 0.747375 0.00583333333333333 0.01825
0 0.52925 0.736625 0.0065 0.01425
0 0.523583333333333 0.781875 0.0121666666666667 0.00825
0 0.578916666666667 0.722625 0.0055 0.01825
0 0.590083333333333 0.681375 0.00583333333333333 0.01825
0 0.594916666666667 0.673125 0.0118333333333333 0.00925
0 0.600416666666667 0.702125 0.0121666666666667 0.00825
0 0.615916666666667 0.631375 0.00616666666666667 0.01775
0 0.618583333333333 0.630875 0.0055 0.01825
0 0.596083333333333 0.624375 0.0118333333333333 0.00875
0 0.62625 0.624125 0.0118333333333333 0.00875
0 0.682416666666667 0.615125 0.0115 0.01025
0 0.666583333333333 0.673125 0.0121666666666667 0.00825
0 0.686416666666667 0.649625 0.00783333333333333 0.01625
0 0.679416666666667 0.701125 0.0105 0.00875
0 0.670416666666667 0.703375 0.0101666666666667 0.00925
0 0.660916666666667 0.720125 0.00783333333333333 0.01625
0 0.64075 0.751375 0.0101666666666667 0.01275
0 0.654916666666667 0.739625 0.00683333333333333 0.01725
0 0.626583333333333 0.772375 0.00783333333333333 0.01625
0 0.61925 0.775125 0.0085 0.01525
0 0.612416666666667 0.792125 0.00883333333333333 0.01475
0 0.572416666666667 0.834125 0.00783333333333333 0.01625
0 0.590583333333333 0.809875 0.00783333333333333 0.01675
0 0.441416666666667 0.182625 0.0125 0.01225
0 0.491583333333333 0.169375 0.0095 0.01425
0 0.499583333333333 0.169125 0.0111666666666667 0.01125
0 0.498416666666667 0.173375 0.00716666666666667 0.01725
0 0.526083333333333 0.182125 0.00716666666666667 0.01725
0 0.456583333333333 0.220875 0.0131666666666667 0.00775
0 0.501583333333333 0.256875 0.00616666666666667 0.01925
0 0.453916666666667 0.287625 0.00783333333333333 0.01525
0 0.417083333333333 0.313875 0.00516666666666667 0.01775
0 0.594083333333333 0.112375 0.0065 0.01675
0 0.634416666666667 0.153625 0.00883333333333333 0.01425
0 0.654083333333333 0.191375 0.00683333333333333 0.01525
0 0.661083333333333 0.206375 0.0095 0.01225
0 0.67525 0.249375 0.0115 0.00725
0 0.66825 0.272625 0.00916666666666667 0.01275
0 0.603916666666667 0.245875 0.00783333333333333 0.01725
0 0.563416666666667 0.234875 0.00683333333333333 0.01725
0 0.58825 0.233375 0.0065 0.01775
0 0.61125 0.282375 0.0065 0.01775
0 0.603916666666667 0.297625 0.00983333333333333 0.01375
0 0.63625 0.311625 0.00883333333333333 0.01525
0 0.628416666666667 0.326125 0.00983333333333333 0.01425
0 0.611416666666667 0.349625 0.0121666666666667 0.00925
0 0.648083333333333 0.299625 0.0065 0.01625
0 0.654416666666667 0.299625 0.0115 0.00825
0 0.66275 0.293875 0.0085 0.01425
0 0.670083333333333 0.302375 0.00983333333333333 0.01225
0 0.687416666666667 0.307625 0.0108333333333333 0.01025
0 0.698083333333333 0.296375 0.00983333333333333 0.01225
0 0.709916666666667 0.300875 0.00983333333333333 0.01225
0 0.707416666666667 0.317875 0.00983333333333333 0.01225
0 0.67675 0.344625 0.0101666666666667 0.01175
0 0.656416666666667 0.361375 0.0111666666666667 0.00925
0 0.710583333333333 0.361875 0.0111666666666667 0.00925
0 0.693083333333333 0.364125 0.00616666666666667 0.01825
0 0.716083333333333 0.394125 0.0111666666666667 0.00925
0 0.683916666666667 0.399375 0.0085 0.01425
0 0.667416666666667 0.413875 0.00983333333333333 0.01225
0 0.651583333333333 0.410625 0.00783333333333333 0.01625
0 0.635416666666667 0.394125 0.0115 0.01075
0 0.652083333333333 0.437875 0.0108333333333333 0.01125
0 0.682083333333333 0.422625 0.00916666666666667 0.01575
0 0.702416666666667 0.427625 0.00916666666666667 0.01325
0 0.708583333333333 0.440375 0.0095 0.01275
0 0.711083333333333 0.458125 0.0105 0.01125
0 0.717916666666667 0.469375 0.0111666666666667 0.00875
0 0.70925 0.462875 0.0065 0.01675
0 0.72625 0.476125 0.0085 0.01425
0 0.717416666666667 0.510625 0.00983333333333333 0.00775
0 0.71525 0.516375 0.0085 0.01425
0 0.719583333333333 0.524375 0.00883333333333333 0.01375
0 0.707583333333333 0.529625 0.00883333333333333 0.01375
0 0.710916666666667 0.541125 0.00716666666666667 0.01675
0 0.71275 0.565875 0.0108333333333333 0.01025
0 0.675083333333333 0.547625 0.0055 0.01725
0 0.676916666666667 0.534125 0.0115 0.00825
0 0.665416666666667 0.517875 0.0111666666666667 0.00925
0 0.680583333333333 0.487125 0.0115 0.00825
0 0.688583333333333 0.477375 0.0055 0.01725
0 0.66775 0.450875 0.00983333333333333 0.01225
0 0.65775 0.461125 0.0115 0.00825
0 0.64675 0.462125 0.0108333333333333 0.01025
0 0.654583333333333 0.451375 0.0111666666666667 0.00925
0 0.611083333333333 0.504875 0.00983333333333333 0.01225
0 0.640083333333333 0.443125 0.0055 0.01725
0 0.625416666666667 0.469125 0.0115 0.00825
0 0.627416666666667 0.502875 0.0075 0.01575
0 0.636583333333333 0.570125 0.0115 0.00825
0 0.418083333333333 0.147125 0.00716666666666667 0.01825
0 0.42825 0.158875 0.00916666666666667 0.01325
0 0.42825 0.176375 0.0095 0.01375
0 0.441583333333333 0.157375 0.00716666666666667 0.01675
0 0.459083333333333 0.165125 0.00516666666666667 0.01875
0 0.21425 0.250125 0.0111666666666667 0.01175
0 0.29975 0.226875 0.0095 0.01475
0 0.301916666666667 0.246875 0.00683333333333333 0.01825
0 0.35025 0.242125 0.00616666666666667 0.01875
0 0.318083333333333 0.234375 0.0111666666666667 0.01225
0 0.329083333333333 0.253625 0.00583333333333333 0.01875
0 0.274083333333333 0.292375 0.0065 0.01825
0 0.28175 0.295625 0.0065 0.01825
0 0.27425 0.323375 0.0085 0.01625
0 0.26925 0.341125 0.0085 0.01625
0 0.262916666666667 0.352375 0.00583333333333333 0.01875
0 0.260083333333333 0.373875 0.0111666666666667 0.01225
0 0.258416666666667 0.392625 0.0095 0.01425
