0 0.571083333333333 0.603875 0.00583333333333333 0.01825
0 0.403916666666667 0.131875 0.00583333333333333 0.01775
0 0.42425 0.134375 0.0141666666666667 0.00875
0 0.39375 0.246125 0.0111666666666667 0.01375
0 0.409583333333333 0.226625 0.0121666666666667 0.01175
0 0.401916666666667 0.207375 0.0145 0.01225
0 0.41575 0.202875 0.00516666666666667 0.02375
0 0.367583333333333 0.174875 0.00683333333333333 0.02175
0 0.394916666666667 0.183625 0.0131666666666667 0.01175
0 0.357583333333333 0.155625 0.00483333333333333 0.02175
0 0.349416666666667 0.179375 0.00683333333333333 0.02175
0 0.346416666666667 0.200125 0.0065 0.02025
0 0.400583333333333 0.142375 0.0055 0.01875
0 0.413916666666667 0.098375 0.00983333333333333 0.01625
0 0.43225 0.082375 0.0065 0.02125
0 0.452416666666667 0.062875 0.00616666666666667 0.01875
0 0.46125 0.078375 0.0111666666666667 0.01375
0 0.47075 0.074875 0.0111666666666667 0.01375
0 0.468416666666667 0.059875 0.0108333333333333 0.01375
0 0.490916666666667 0.097125 0.0118333333333333 0.01175
0 0.46475 0.177125 0.0118333333333333 0.01175
0 0.432083333333333 0.205125 0.00783333333333333 0.01675
0 0.45775 0.199375 0.0121666666666667 0.01025
0 0.44925 0.229125 0.00583333333333333 0.01875
0 0.457083333333333 0.211125 0.00583333333333333 0.01875
0 0.47075 0.190375 0.0065 0.01825
0 0.50925 0.092375 0.0105 0.01825
0 0.51825 0.091625 0.00783333333333333 0.01975
0 0.520583333333333 0.067625 0.0095 0.01825
0 0.53725 0.070375 0.0115 0.01425
0 0.55175 0.144375 0.0111666666666667 0.01425
0 0.533916666666667 0.191125 0.0105 0.01325
0 0.57525 0.056375 0.00616666666666667 0.01825
0 0.606916666666667 0.068375 0.00616666666666667 0.01825
0 0.620916666666667 0.070375 0.00816666666666667 0.01675
0 0.568916666666667 0.166375 0.00616666666666667 0.01875
0 0.546416666666667 0.204875 0.00716666666666667 0.01775
0 0.57625 0.144875 0.0115 0.01175
0 0.594416666666667 0.202875 0.0115 0.01175
0 0.655416666666667 0.145625 0.0121666666666667 0.01525
0 0.63925 0.169875 0.0101666666666667 0.01675
0 0.715583333333333 0.145375 0.0105 0.01725
0 0.59975 0.218125 0.0121666666666667 0.01425
0 0.618083333333333 0.224375 0.0125 0.01175
0 0.632416666666667 0.245125 0.0118333333333333 0.01375
0 0.626083333333333 0.209125 0.0131666666666667 0.01025
0 0.630583333333333 0.216375 0.0125 0.01225
0 0.651416666666667 0.221375 0.0105 0.01825
0 0.630916666666667 0.293125 0.0101666666666667 0.01775
0 0.65125 0.279625 0.00783333333333333 0.01775
0 0.66775 0.234375 0.00683333333333333 0.01875
0 0.662416666666667 0.236375 0.00683333333333333 0.01875
0 0.70125 0.286625 0.0075 0.01825
0 0.75225 0.212625 0.0128333333333333 0.01325
0 0.746583333333333 0.299375 0.0101666666666667 0.01775
0 0.70025 0.346875 0.00916666666666667 0.01625
0 0.71525 0.331875 0.0128333333333333 0.01025
0 0.758083333333333 0.352625 0.0138333333333333 0.01275
0 0.711583333333333 0.366875 0.0128333333333333 0.01225
0 0.72475 0.359875 0.0128333333333333 0.01075
0 0.722416666666667 0.363125 0.00783333333333333 0.01975
0 0.736583333333333 0.372375 0.0085 0.01925
0 0.73525 0.389375 0.00616666666666667 0.02075
0 0.733583333333333 0.415125 0.0131666666666667 0.00925
0 0.740916666666667 0.409125 0.0085 0.00875
0 0.716083333333333 0.409125 0.0125 0.01025
0 0.706916666666667 0.407875 0.00783333333333333 0.01875
0 0.731416666666667 0.450375 0.00883333333333333 0.01775
0 0.75675 0.475375 0.00883333333333333 0.01775
0 0.809916666666667 0.416625 0.0115 0.00925
0 0.815416666666667 0.428875 0.00783333333333333 0.01675
0 0.80125 0.473625 0.00883333333333333 0.01675
0 0.56675 0.259375 0.00516666666666667 0.02025
0 0.59025 0.312125 0.00783333333333333 0.01825
0 0.482416666666667 0.284875 0.00516666666666667 0.02025
0 0.527916666666667 0.278625 0.0125 0.01025
0 0.65225 0.412375 0.0121666666666667 0.01125
0 0.587916666666667 0.386375 0.0118333333333333 0.01175
0 0.62025 0.430125 0.0055 0.01975
0 0.562416666666667 0.392375 0.00916666666666667 0.01425
0 0.56175 0.389625 0.0121666666666667 0.00725
0 0.627583333333333 0.482375 0.0125 0.01025
0 0.681916666666667 0.486375 0.0131666666666667 0.00875
0 0.78475 0.523375 0.00983333333333333 0.01525
0 0.810416666666667 0.508875 0.0128333333333333 0.01075
0 0.732916666666667 0.499875 0.00516666666666667 0.01975
0 0.736416666666667 0.519125 0.0115 0.01275
0 0.757416666666667 0.534625 0.00516666666666667 0.01975
0 0.74525 0.554125 0.00816666666666667 0.01725
0 0.692416666666667 0.515625 0.00716666666666667 0.01825
0 0.701916666666667 0.563125 0.00616666666666667 0.01925
0 0.77225 0.651625 0.00816666666666667 0.01825
0 0.74975 0.654875 0.0131666666666667 0.00875
0 0.743583333333333 0.641625 0.0131666666666667 0.00875
0 0.731416666666667 0.622875 0.0128333333333333 0.01025
0 0.710916666666667 0.616375 0.0125 0.00925
0 0.70625 0.590625 0.00683333333333333 0.01825
0 0.715583333333333 0.601375 0.0125 0.00925
0 0.71725 0.586375 0.0118333333333333 0.01125
0 0.724583333333333 0.593875 0.0055 0.01875
0 0.642083333333333 0.534125 0.0131666666666667 0.00775
0 0.643416666666667 0.512375 0.00783333333333333 0.01775
0 0.663416666666667 0.604375 0.00516666666666667 0.01975
0 0.673083333333333 0.648625 0.0115 0.01275
0 0.691583333333333 0.659375 0.0131666666666667 0.00775
0 0.674083333333333 0.676375 0.0055 0.01975
0 0.68625 0.664375 0.00583333333333333 0.01925
0 0.67975 0.655125 0.00616666666666667 0.01925
0 0.63425 0.636875 0.00816666666666667 0.01725
0 0.639416666666667 0.661125 0.0131666666666667 0.00825
0 0.645916666666667 0.721125 0.0105 0.01425
0 0.683583333333333 0.740875 0.00883333333333333 0.01625
0 0.69275 0.754625 0.0055 0.01975
0 0.702916666666667 0.773875 0.0101666666666667 0.01475
0 0.702416666666667 0.799125 0.00516666666666667 0.01975
0 0.676083333333333 0.765875 0.00716666666666667 0.01825
0 0.664416666666667 0.759125 0.0111666666666667 0.01325
0 0.665083333333333 0.769625 0.0125 0.00975
0 0.641583333333333 0.794875 0.0128333333333333 0.00875
0 0.610416666666667 0.661125 0.0108333333333333 0.01025
0 0.60275 0.661625 0.00583333333333333 0.01725
0 0.620583333333333 0.698125 0.00583333333333333 0.01725
0 0.61525 0.703625 0.00983333333333333 0.01225
0 0.592416666666667 0.634125 0.0111666666666667 0.01025
0 0.607083333333333 0.612125 0.00883333333333333 0.01525
0 0.582083333333333 0.647625 0.0055 0.01825
0 0.592583333333333 0.584625 0.0125 0.00725
0 0.593083333333333 0.577375 0.0125 0.00725
0 0.592083333333333 0.553125 0.00583333333333333 0.01825
0 0.571083333333333 0.544875 0.00616666666666667 0.01825
0 0.55875 0.581125 0.0115 0.01075
0 0.56175 0.595125 0.0125 0.00825
0 0.57875 0.720125 0.0125 0.00825
0 0.574583333333333 0.729625 0.0075 0.01725
0 0.573083333333333 0.773875 0.0118333333333333 0.01075
0 0.577583333333333 0.786375 0.0095 0.01475
0 0.589083333333333 0.812625 0.0095 0.01475
0 0.595583333333333 0.839125 0.0095 0.01475
0 0.578416666666667 0.842125 0.0125 0.00875
0 0.551416666666667 0.843125 0.0125 0.00825
0 0.540583333333333 0.879125 0.0118333333333333 0.01025
0 0.542916666666667 0.889625 0.0111666666666667 0.01175
0 0.555416666666667 0.894375 0.0055 0.01875
0 0.556916666666667 0.764375 0.00983333333333333 0.01375
0 0.54875 0.775375 0.00916666666666667 0.01525
0 0.534916666666667 0.770375 0.0121666666666667 0.00925
0 0.529083333333333 0.766875 0.0065 0.01675
0 0.471416666666667 0.853125 0.00883333333333333 0.01575
0 0.47825 0.846375 0.0065 0.01825
0 0.47125 0.830875 0.0055 0.01875
0 0.455916666666667 0.829625 0.00583333333333333 0.01625
0 0.482083333333333 0.784625 0.00583333333333333 0.01625
0 0.498083333333333 0.762375 0.0101666666666667 0.01075
0 0.487583333333333 0.760375 0.0115 0.00675
0 0.46975 0.758625 0.0045 0.01725
0 0.43125 0.816125 0.0111666666666667 0.00725
0 0.440416666666667 0.791625 0.00583333333333333 0.01625
0 0.401083333333333 0.796375 0.00883333333333333 0.01325
0 0.356583333333333 0.821375 0.0111666666666667 0.00775
0 0.36975 0.749875 0.0108333333333333 0.00875
0 0.334916666666667 0.770375 0.0108333333333333 0.00925
0 0.34025 0.760625 0.0108333333333333 0.00925
0 0.333083333333333 0.748625 0.0111666666666667 0.00725
0 0.37875 0.728875 0.0111666666666667 0.00725
0 0.344416666666667 0.725125 0.00916666666666667 0.01225
0 0.356083333333333 0.715375 0.0108333333333333 0.01025
0 0.41825 0.714375 0.0111666666666667 0.00725
0 0.40375 0.698625 0.00783333333333333 0.01475
0 0.44575 0.695125 0.0065 0.01475
0 0.467583333333333 0.678375 0.00583333333333333 0.01525
0 0.503916666666667 0.684375 0.00683333333333333 0.01425
0 0.54125 0.718375 0.0125 0.00825
0 0.55225 0.715125 0.0125 0.00825
0 0.54425 0.700625 0.0121666666666667 0.00875
0 0.558916666666667 0.689625 0.0115 0.01125
0 0.546416666666667 0.668625 0.0101666666666667 0.01325
0 0.550916666666667 0.604875 0.00583333333333333 0.01825
0 0.529083333333333 0.634125 0.0075 0.01725
0 0.501416666666667 0.630625 0.00716666666666667 0.01525
0 0.51675 0.594875 0.0105 0.01125
0 0.45175 0.650875 0.0095 0.01025
0 0.458083333333333 0.657125 0.00683333333333333 0.01425
0 0.364083333333333 0.662375 0.00516666666666667 0.01775
0 0.381416666666667 0.660125 0.00916666666666667 0.01375
0 0.49925 0.579375 0.0085 0.01475
0 0.513416666666667 0.548375 0.0095 0.01325
0 0.471583333333333 0.574625 0.0118333333333333 0.00825
0 0.48575 0.532625 0.00883333333333333 0.01475
0 0.432083333333333 0.565125 0.00616666666666667 0.01725
0 0.316916666666667 0.654625 0.00916666666666667 0.01375
0 0.306583333333333 0.653125 0.0101666666666667 0.01175
0 0.29825 0.649875 0.0095 0.01275
0 0.429083333333333 0.493375 0.0055 0.01575
0 0.40275 0.473625 0.0101666666666667 0.00975
0 0.40425 0.493125 0.00983333333333333 0.01025
0 0.40575 0.500125 0.0065 0.01525
0 0.39775 0.513875 0.00616666666666667 0.01675
0 0.39075 0.512375 0.0101666666666667 0.00875
0 0.45575 0.459125 0.00616666666666667 0.01575
0 0.445083333333333 0.473875 0.00983333333333333 0.01375
0 0.44475 0.472625 0.00916666666666667 0.01075
0 0.44675 0.459125 0.00916666666666667 0.01225
0 0.435583333333333 0.465125 0.00983333333333333 0.00925
0 0.555416666666667 0.469625 0.00783333333333333 0.01575
0 0.597083333333333 0.493875 0.0118333333333333 0.00825
0 0.577416666666667 0.488875 0.00516666666666667 0.01775
0 0.563416666666667 0.486875 0.00483333333333333 0.01775
0 0.569583333333333 0.504625 0.0101666666666667 0.01375
0 0.56225 0.511125 0.0111666666666667 0.01225
0 0.54575 0.507875 0.00516666666666667 0.01925
0 0.539916666666667 0.515125 0.0118333333333333 0.00875
0 0.537083333333333 0.482125 0.0085 0.00975
0 0.530916666666667 0.495625 0.0065 0.01375
0 0.501416666666667 0.510375 0.0095 0.01025
0 0.49475 0.532125 0.0101666666666667 0.00825
0 0.495583333333333 0.534875 0.00883333333333333 0.01275
0 0.512916666666667 0.502375 0.0118333333333333 0.01025
0 0.503083333333333 0.483125 0.0111666666666667 0.01125
0 0.48925 0.490375 0.0075 0.01675
0 0.495416666666667 0.499375 0.0118333333333333 0.01025
0 0.50225 0.458625 0.0055 0.01625
0 0.517916666666667 0.463375 0.0101666666666667 0.01175
0 0.53325 0.453875 0.00516666666666667 0.01575
0 0.526916666666667 0.457625 0.00583333333333333 0.01675
0 0.53525 0.431625 0.00483333333333333 0.01675
0 0.52675 0.431625 0.00583333333333333 0.01725
0 0.484416666666667 0.409875 0.00516666666666667 0.01525
0 0.468583333333333 0.434625 0.0095 0.01525
0 0.42375 0.542625 0.00616666666666667 0.01625
0 0.39625 0.538375 0.00716666666666667 0.01525
0 0.379583333333333 0.549375 0.0075 0.01325
0 0.360083333333333 0.508625 0.00683333333333333 0.01375
0 0.353083333333333 0.504875 0.00516666666666667 0.01675
0 0.33575 0.496875 0.00516666666666667 0.01625
0 0.330083333333333 0.504875 0.00816666666666667 0.01325
0 0.334083333333333 0.519125 0.0095 0.01275
0 0.347416666666667 0.463125 0.00616666666666667 0.01725
0 0.343916666666667 0.459125 0.0118333333333333 0.00825
0 0.35375 0.419625 0.00516666666666667 0.01525
0 0.34525 0.435125 0.0085 0.01475
0 0.337083333333333 0.430875 0.00783333333333333 0.01575
0 0.401583333333333 0.410125 0.0111666666666667 0.00825
0 0.359083333333333 0.394125 0.0055 0.01675
0 0.436583333333333 0.429125 0.00583333333333333 0.01775
0 0.443083333333333 0.429875 0.00583333333333333 0.01725
0 0.400083333333333 0.371875 0.00816666666666667 0.01525
0 0.552583333333333 0.356375 0.0111666666666667 0.00975
0 0.545583333333333 0.377625 0.00716666666666667 0.01775
0 0.539083333333333 0.382125 0.00583333333333333 0.01725
0 0.501416666666667 0.345875 0.00783333333333333 0.01425
0 0.510583333333333 0.337125 0.00616666666666667 0.01625
0 0.507083333333333 0.331625 0.0125 0.00825
0 0.44775 0.338625 0.00683333333333333 0.01525
0 0.387916666666667 0.364375 0.00683333333333333 0.01625
0 0.407416666666667 0.306375 0.00883333333333333 0.01425
0 0.400583333333333 0.298375 0.0095 0.01025
0 0.426083333333333 0.277375 0.0108333333333333 0.01125
0 0.418583333333333 0.275875 0.0055 0.01625
0 0.40925 0.269125 0.00583333333333333 0.01625
0 0.42825 0.260125 0.0101666666666667 0.01075
0 0.356583333333333 0.336125 0.0065 0.01725
0 0.347916666666667 0.359625 0.0118333333333333 0.00825
0 0.342083333333333 0.374625 0.00883333333333333 0.01475
0 0.30925 0.323125 0.0095 0.01075
0 0.292416666666667 0.361625 0.00916666666666667 0.01125
0 0.29925 0.373375 0.0095 0.00975
0 0.290583333333333 0.375875 0.00916666666666667 0.01125
0 0.314916666666667 0.378375 0.00683333333333333 0.01625
0 0.30925 0.417875 0.00916666666666667 0.01125
0 0.308083333333333 0.398875 0.00983333333333333 0.01425
0 0.30125 0.395375 0.0075 0.01625
0 0.299583333333333 0.413375 0.0115 0.00775
0 0.28375 0.413375 0.0111666666666667 0.00925
0 0.279416666666667 0.420125 0.00983333333333333 0.01275
0 0.26825 0.426625 0.00816666666666667 0.01375
0 0.28825 0.438125 0.0105 0.00775
0 0.282583333333333 0.449375 0.0111666666666667 0.00825
0 0.306416666666667 0.469125 0.0055 0.01575
0 0.268083333333333 0.472625 0.00983333333333333 0.00675
0 0.27475 0.477125 0.0101666666666667 0.00725
0 0.29025 0.485375 0.0075 0.01325
0 0.297583333333333 0.488375 0.0105 0.00825
0 0.303083333333333 0.495375 0.0115 0.00975
0 0.299583333333333 0.523375 0.00983333333333333 0.00925
0 0.27475 0.507375 0.0085 0.01175
0 0.28875 0.509875 0.0055 0.01575
0 0.280416666666667 0.514875 0.00783333333333333 0.01275
0 0.275583333333333 0.522375 0.0118333333333333 0.00975
0 0.282583333333333 0.528625 0.0101666666666667 0.00875
0 0.31275 0.535125 0.0075 0.01675
0 0.329083333333333 0.550875 0.0075 0.01575
0 0.35025 0.591625 0.0065 0.01625
0 0.38025 0.607875 0.0101666666666667 0.00875
0 0.375083333333333 0.610625 0.00616666666666667 0.01575
0 0.367083333333333 0.620625 0.0065 0.01725
0 0.37775 0.630375 0.0111666666666667 0.00975
0 0.292583333333333 0.635125 0.00916666666666667 0.00825
0 0.287083333333333 0.627625 0.00916666666666667 0.01125
0 0.286916666666667 0.636875 0.00816666666666667 0.01075
0 0.283083333333333 0.615625 0.0105 0.00875
0 0.288916666666667 0.600875 0.00883333333333333 0.01275
0 0.276416666666667 0.600125 0.0108333333333333 0.00875
0 0.29225 0.592625 0.0101666666666667 0.00875
0 0.28225 0.576625 0.00916666666666667 0.01275
0 0.27325 0.585125 0.00883333333333333 0.01325
0 0.269416666666667 0.579125 0.0108333333333333 0.00825
0 0.270416666666667 0.568125 0.0111666666666667 0.00875
0 0.284583333333333 0.557125 0.0115 0.01025
0 0.299916666666667 0.275375 0.0101666666666667 0.01275
0 0.32675 0.260625 0.0075 0.01625
0 0.353583333333333 0.251375 0.00916666666666667 0.01575
