0 0.558083333333333 0.467875 0.00483333333333333 0.01725
0 0.564583333333333 0.473875 0.00883333333333333 0.01175
0 0.56725 0.430125 0.00883333333333333 0.01325
0 0.535416666666667 0.450125 0.0115 0.00725
0 0.53625 0.432625 0.00816666666666667 0.01525
0 0.543416666666667 0.437875 0.00483333333333333 0.01725
0 0.552583333333333 0.418125 0.0121666666666667 0.00975
0 0.54425 0.403875 0.0105 0.00725
0 0.537416666666667 0.389125 0.0111666666666667 0.00825
0 0.672916666666667 0.718375 0.00883333333333333 0.01325
0 0.668416666666667 0.643625 0.00483333333333333 0.01725
0 0.704416666666667 0.655375 0.0108333333333333 0.00925
0 0.726583333333333 0.576375 0.0115 0.00875
0 0.689583333333333 0.595875 0.0111666666666667 0.00775
0 0.66225 0.568875 0.0108333333333333 0.00975
0 0.65325 0.574375 0.0095 0.01175
0 0.670416666666667 0.552875 0.00483333333333333 0.01725
0 0.70525 0.493625 0.0075 0.01525
0 0.687083333333333 0.485625 0.0108333333333333 0.01025
0 0.663083333333333 0.481625 0.00483333333333333 0.01625
0 0.720583333333333 0.367375 0.0115 0.00775
0 0.70375 0.332125 0.0075 0.01325
0 0.694583333333333 0.336125 0.00983333333333333 0.01225
0 0.674083333333333 0.356875 0.0085 0.01275
0 0.676916666666667 0.343875 0.00816666666666667 0.01425
0 0.665416666666667 0.401125 0.0111666666666667 0.00875
0 0.653583333333333 0.402125 0.00483333333333333 0.01725
0 0.62175 0.361375 0.0108333333333333 0.00925
0 0.617416666666667 0.353125 0.0115 0.00975
0 0.56975 0.374875 0.00516666666666667 0.01575
0 0.585083333333333 0.335625 0.0108333333333333 0.00725
0 0.62225 0.399625 0.0111666666666667 0.00875
0 0.62025 0.418375 0.0111666666666667 0.00925
0 0.64075 0.439125 0.00816666666666667 0.01325
0 0.539416666666667 0.379875 0.0101666666666667 0.00925
0 0.526416666666667 0.391125 0.00916666666666667 0.01175
0 0.519416666666667 0.382875 0.00483333333333333 0.01725
0 0.515083333333333 0.383625 0.00483333333333333 0.01725
0 0.486583333333333 0.389875 0.0111666666666667 0.00825
0 0.490583333333333 0.380125 0.0101666666666667 0.01025
0 0.482583333333333 0.371125 0.0105 0.00675
0 0.486416666666667 0.360625 0.0115 0.00975
0 0.61825 0.708125 0.0115 0.00825
0 0.612416666666667 0.670875 0.00583333333333333 0.01775
0 0.580583333333333 0.700375 0.0055 0.01575
0 0.56975 0.675375 0.0111666666666667 0.00675
0 0.583083333333333 0.667125 0.00516666666666667 0.01825
0 0.549416666666667 0.570125 0.0075 0.01325
0 0.53075 0.597625 0.0085 0.01325
0 0.52275 0.617625 0.0065 0.01575
0 0.51775 0.631875 0.00683333333333333 0.01575
0 0.52225 0.657875 0.0105 0.01025
0 0.477083333333333 0.661875 0.0105 0.00725
0 0.484583333333333 0.563875 0.0115 0.00925
0 0.48875 0.564625 0.0075 0.01425
0 0.499083333333333 0.567125 0.0115 0.00775
0 0.52125 0.535125 0.0111666666666667 0.00775
0 0.514416666666667 0.530125 0.00716666666666667 0.01625
0 0.510916666666667 0.497875 0.0055 0.01575
0 0.485083333333333 0.507125 0.00883333333333333 0.01475
0 0.51325 0.481625 0.00883333333333333 0.01275
0 0.501416666666667 0.461875 0.0101666666666667 0.00775
0 0.489916666666667 0.459125 0.0045 0.01575
0 0.498916666666667 0.445625 0.0105 0.00675
0 0.508083333333333 0.434125 0.00583333333333333 0.01725
0 0.494583333333333 0.432375 0.00516666666666667 0.01775
0 0.474416666666667 0.631625 0.00916666666666667 0.00975
0 0.48925 0.610375 0.00883333333333333 0.01175
0 0.483416666666667 0.602125 0.0121666666666667 0.00725
0 0.454083333333333 0.604125 0.00616666666666667 0.01725
0 0.46375 0.444375 0.00483333333333333 0.01475
0 0.459916666666667 0.454625 0.00683333333333333 0.01525
0 0.456583333333333 0.484125 0.00983333333333333 0.01025
0 0.440083333333333 0.416625 0.0095 0.01175
0 0.45025 0.417125 0.0115 0.00675
0 0.462916666666667 0.420625 0.00483333333333333 0.01625
0 0.451083333333333 0.395625 0.00583333333333333 0.01875
0 0.598083333333333 0.732625 0.0055 0.01775
0 0.587083333333333 0.762125 0.0111666666666667 0.00875
0 0.57325 0.803875 0.00783333333333333 0.01625
0 0.49975 0.837125 0.00883333333333333 0.01175
0 0.503583333333333 0.815375 0.0085 0.01325
0 0.485916666666667 0.769375 0.00516666666666667 0.01825
0 0.478583333333333 0.822625 0.0075 0.01425
0 0.44075 0.826375 0.0108333333333333 0.00775
0 0.463083333333333 0.806375 0.00716666666666667 0.01675
0 0.388416666666667 0.854875 0.0095 0.01225
0 0.401583333333333 0.796375 0.0108333333333333 0.01175
0 0.377916666666667 0.672875 0.0095 0.00925
0 0.367083333333333 0.666875 0.00816666666666667 0.01275
0 0.391916666666667 0.664375 0.0085 0.01325
0 0.388416666666667 0.623625 0.0095 0.01375
0 0.362583333333333 0.475875 0.0055 0.01775
0 0.395083333333333 0.587875 0.0105 0.01275
0 0.36075 0.527875 0.00783333333333333 0.01625
0 0.319916666666667 0.576375 0.0055 0.01625
0 0.354416666666667 0.752625 0.0111666666666667 0.00825
0 0.34425 0.717875 0.00883333333333333 0.01275
0 0.347916666666667 0.688625 0.0055 0.01675
0 0.319083333333333 0.706875 0.0085 0.01375
0 0.277083333333333 0.733375 0.00616666666666667 0.01775
0 0.252916666666667 0.622625 0.00816666666666667 0.01475
0 0.309916666666667 0.623375 0.0115 0.00725
0 0.310416666666667 0.632375 0.0108333333333333 0.00975
0 0.31875 0.657125 0.0065 0.01725
0 0.285583333333333 0.627125 0.00616666666666667 0.01775
0 0.394583333333333 0.459875 0.0095 0.01275
0 0.392416666666667 0.443125 0.0055 0.01775
0 0.36775 0.490625 0.0075 0.01525
0 0.640583333333333 0.472375 0.0055 0.01725
0 0.629416666666667 0.469375 0.00983333333333333 0.01225
0 0.623416666666667 0.456125 0.0115 0.00775
0 0.607916666666667 0.498875 0.0118333333333333 0.00925
0 0.59925 0.471125 0.0115 0.00725
0 0.609916666666667 0.564625 0.0101666666666667 0.00825
0 0.611916666666667 0.554125 0.0055 0.01675
0 0.60375 0.556125 0.00616666666666667 0.01625
0 0.597416666666667 0.541625 0.00516666666666667 0.01675
0 0.573083333333333 0.523875 0.0101666666666667 0.01075
0 0.584083333333333 0.509375 0.0108333333333333 0.00925
0 0.586416666666667 0.499375 0.00783333333333333 0.01475
0 0.578083333333333 0.498375 0.0121666666666667 0.00825
0 0.565916666666667 0.506875 0.0075 0.01425
0 0.557916666666667 0.504125 0.00483333333333333 0.01725
0 0.531083333333333 0.471875 0.0108333333333333 0.00925
0 0.261083333333333 0.285875 0.0115 0.00875
0 0.356916666666667 0.455625 0.00783333333333333 0.01325
0 0.353416666666667 0.441875 0.0111666666666667 0.00975
0 0.34825 0.452625 0.00916666666666667 0.01225
0 0.27575 0.335625 0.00716666666666667 0.01575
0 0.28525 0.329625 0.00916666666666667 0.01275
0 0.28625 0.345625 0.00516666666666667 0.01725
0 0.295083333333333 0.318875 0.0075 0.01625
0 0.306416666666667 0.368625 0.0108333333333333 0.00825
0 0.297083333333333 0.370875 0.0101666666666667 0.01125
0 0.33225 0.354125 0.00816666666666667 0.01175
0 0.338083333333333 0.386125 0.0115 0.00875
0 0.353583333333333 0.241125 0.00516666666666667 0.01625
0 0.345416666666667 0.225125 0.00883333333333333 0.01175
0 0.350083333333333 0.215125 0.0095 0.01025
0 0.35125 0.204875 0.0095 0.00875
0 0.37125 0.206625 0.00916666666666667 0.01125
0 0.36275 0.171875 0.00516666666666667 0.01675
0 0.39125 0.173125 0.00816666666666667 0.01175
0 0.375583333333333 0.155125 0.00716666666666667 0.01275
0 0.377916666666667 0.266125 0.00816666666666667 0.01125
0 0.386583333333333 0.266625 0.00816666666666667 0.00875
0 0.396083333333333 0.275625 0.0055 0.01525
0 0.38125 0.249375 0.00783333333333333 0.01225
0 0.374083333333333 0.245625 0.00483333333333333 0.01425
0 0.374916666666667 0.308875 0.00983333333333333 0.00725
0 0.38975 0.303125 0.0075 0.01575
0 0.412083333333333 0.188375 0.0101666666666667 0.01175
0 0.415916666666667 0.221875 0.0055 0.01525
0 0.433583333333333 0.211625 0.00783333333333333 0.01375
0 0.427416666666667 0.182625 0.00716666666666667 0.01475
0 0.42675 0.171875 0.0105 0.00825
0 0.465583333333333 0.201375 0.00883333333333333 0.01175
0 0.464416666666667 0.220875 0.0095 0.01025
0 0.45625 0.218875 0.00583333333333333 0.01475
0 0.45175 0.241375 0.0085 0.01175
0 0.46025 0.236625 0.00616666666666667 0.01575
0 0.482583333333333 0.258875 0.00716666666666667 0.01425
0 0.470583333333333 0.265125 0.0065 0.01375
0 0.462416666666667 0.257375 0.00883333333333333 0.01375
0 0.489083333333333 0.133875 0.0075 0.01575
0 0.461583333333333 0.521125 0.0111666666666667 0.00925
0 0.546916666666667 0.186125 0.00916666666666667 0.01375
0 0.51775 0.191875 0.00716666666666667 0.01625
0 0.51475 0.182375 0.00783333333333333 0.01575
0 0.558416666666667 0.171125 0.00916666666666667 0.01275
0 0.53725 0.259375 0.0065 0.01425
0 0.512916666666667 0.261875 0.00516666666666667 0.01575
0 0.54125 0.243125 0.00716666666666667 0.01225
0 0.54975 0.248875 0.0115 0.00775
0 0.48475 0.288375 0.0108333333333333 0.01025
0 0.518916666666667 0.292625 0.0055 0.01525
0 0.52625 0.286375 0.0101666666666667 0.01025
0 0.542583333333333 0.307125 0.00683333333333333 0.01575
0 0.54475 0.292375 0.00483333333333333 0.01725
0 0.582083333333333 0.247125 0.00783333333333333 0.01425
0 0.60025 0.243625 0.00816666666666667 0.01225
0 0.607583333333333 0.226375 0.00683333333333333 0.01425
0 0.624083333333333 0.205875 0.00716666666666667 0.01575
0 0.627416666666667 0.187375 0.00983333333333333 0.01275
0 0.64125 0.187625 0.00583333333333333 0.01675
0 0.635083333333333 0.204875 0.0065 0.01725
0 0.598083333333333 0.282875 0.0101666666666667 0.01225
0 0.620416666666667 0.279875 0.0108333333333333 0.00925
0 0.633416666666667 0.252625 0.0105 0.00975
0 0.628916666666667 0.244375 0.0115 0.00925
0 0.662583333333333 0.320875 0.0125 0.01025
0 0.648416666666667 0.336875 0.0111666666666667 0.00975
0 0.675583333333333 0.285375 0.0111666666666667 0.00975
0 0.690583333333333 0.297375 0.0115 0.00975
0 0.38425 0.394125 0.0105 0.01175
0 0.38825 0.401125 0.0101666666666667 0.00975
0 0.432916666666667 0.305125 0.0125 0.01175
0 0.451083333333333 0.303125 0.00816666666666667 0.01675
0 0.39875 0.354625 0.00616666666666667 0.01775
0 0.445583333333333 0.355125 0.0065 0.01675
0 0.28225 0.485875 0.0108333333333333 0.01025
0 0.275083333333333 0.477125 0.00783333333333333 0.01525
0 0.326416666666667 0.499125 0.00583333333333333 0.01575
0 0.30575 0.509375 0.0075 0.01525
0 0.28775 0.516375 0.0075 0.01425
0 0.33625 0.451125 0.0085 0.01425
0 0.320083333333333 0.460625 0.0101666666666667 0.00925
0 0.332916666666667 0.466625 0.0105 0.00625
0 0.32775 0.474625 0.0108333333333333 0.00725
