0 0.35925 0.770625 0.0118333333333333 0.00875
0 0.364416666666667 0.747375 0.0105 0.01075
0 0.35375 0.707875 0.00616666666666667 0.01475
0 0.356416666666667 0.691625 0.0055 0.01525
0 0.365916666666667 0.686125 0.00916666666666667 0.01225
0 0.38225 0.665375 0.0065 0.01425
0 0.192583333333333 0.318375 0.00983333333333333 0.01075
0 0.187916666666667 0.356125 0.0101666666666667 0.00925
0 0.283083333333333 0.333125 0.0065 0.01775
0 0.273083333333333 0.337375 0.00583333333333333 0.01825
0 0.26625 0.372125 0.0108333333333333 0.01175
0 0.301083333333333 0.366125 0.00816666666666667 0.01425
0 0.265583333333333 0.385625 0.0065 0.01625
0 0.32125 0.435125 0.0121666666666667 0.01025
0 0.32925 0.427875 0.00616666666666667 0.01625
0 0.346583333333333 0.408875 0.0108333333333333 0.00975
0 0.358083333333333 0.395125 0.00816666666666667 0.01475
0 0.341416666666667 0.462375 0.0065 0.01575
0 0.181083333333333 0.367875 0.00816666666666667 0.00975
0 0.150583333333333 0.372125 0.00883333333333333 0.00825
0 0.17675 0.452875 0.00883333333333333 0.01175
0 0.173083333333333 0.459125 0.00983333333333333 0.00625
0 0.172416666666667 0.466125 0.0085 0.00875
0 0.177083333333333 0.465875 0.00683333333333333 0.01475
0 0.18025 0.458625 0.00916666666666667 0.01175
0 0.16875 0.446875 0.0085 0.00925
0 0.156416666666667 0.436125 0.00916666666666667 0.00775
0 0.18975 0.444375 0.00883333333333333 0.01175
0 0.513583333333333 0.079125 0.00683333333333333 0.01225
0 0.19925 0.438375 0.0105 0.00775
0 0.247416666666667 0.439375 0.00583333333333333 0.01525
0 0.22725 0.450875 0.0105 0.00825
0 0.228416666666667 0.474375 0.00516666666666667 0.01575
0 0.203916666666667 0.481875 0.00983333333333333 0.00925
0 0.213416666666667 0.497375 0.0101666666666667 0.01025
0 0.24375 0.495625 0.0108333333333333 0.00875
0 0.284916666666667 0.512875 0.0065 0.01475
0 0.177583333333333 0.523625 0.0105 0.00775
0 0.15425 0.523375 0.00983333333333333 0.00975
0 0.166583333333333 0.537375 0.00983333333333333 0.00925
0 0.230916666666667 0.567875 0.0105 0.00775
0 0.227083333333333 0.557875 0.0101666666666667 0.00725
0 0.23225 0.558625 0.00683333333333333 0.01625
0 0.23225 0.590875 0.00716666666666667 0.01575
0 0.236583333333333 0.584875 0.0095 0.01325
0 0.246583333333333 0.578875 0.0085 0.01125
0 0.25375 0.568875 0.0075 0.01175
0 0.15575 0.581875 0.00883333333333333 0.00775
0 0.17725 0.593875 0.0075 0.01175
0 0.188083333333333 0.597625 0.00816666666666667 0.01075
0 0.20825 0.592625 0.0101666666666667 0.01275
0 0.190083333333333 0.615625 0.0101666666666667 0.00825
0 0.187583333333333 0.633375 0.00816666666666667 0.01075
0 0.198916666666667 0.631375 0.00716666666666667 0.01475
0 0.17975 0.651375 0.00616666666666667 0.01475
0 0.20625 0.649625 0.0108333333333333 0.00825
0 0.197416666666667 0.683875 0.00783333333333333 0.01075
0 0.19625 0.693375 0.00883333333333333 0.00875
0 0.229416666666667 0.644125 0.0055 0.01575
0 0.245416666666667 0.633875 0.0055 0.01575
0 0.24825 0.644125 0.00816666666666667 0.01275
0 0.266916666666667 0.656375 0.00983333333333333 0.00925
0 0.290416666666667 0.660125 0.0108333333333333 0.00975
0 0.291083333333333 0.691875 0.0115 0.00775
0 0.31375 0.741625 0.00716666666666667 0.01375
0 0.333083333333333 0.744875 0.00983333333333333 0.00825
0 0.335083333333333 0.754625 0.0055 0.01775
0 0.19625 0.773625 0.0085 0.01325
0 0.23225 0.780375 0.0075 0.01175
0 0.334083333333333 0.790375 0.00916666666666667 0.01075
0 0.268583333333333 0.782375 0.0085 0.01325
0 0.27425 0.815375 0.00683333333333333 0.01375
0 0.282416666666667 0.823375 0.0065 0.01275
0 0.283916666666667 0.832375 0.0065 0.01275
0 0.295916666666667 0.818375 0.00916666666666667 0.01375
0 0.300583333333333 0.828625 0.0055 0.01625
0 0.324583333333333 0.861625 0.0055 0.01775
0 0.327083333333333 0.847375 0.0055 0.01625
0 0.34075 0.869125 0.00683333333333333 0.01775
0 0.354416666666667 0.876375 0.0095 0.01325
0 0.354416666666667 0.894875 0.00716666666666667 0.01275
0 0.37125 0.879875 0.0055 0.01475
0 0.462583333333333 0.720875 0.0101666666666667 0.00775
0 0.48475 0.291125 0.0085 0.01325
0 0.48075 0.306125 0.00616666666666667 0.01925
0 0.46925 0.310625 0.0095 0.01125
0 0.518583333333333 0.341875 0.00816666666666667 0.01575
0 0.445583333333333 0.310125 0.0118333333333333 0.00825
0 0.425583333333333 0.308625 0.00883333333333333 0.01425
0 0.451416666666667 0.346125 0.0108333333333333 0.01025
0 0.405416666666667 0.365375 0.0118333333333333 0.00975
0 0.440583333333333 0.400125 0.0065 0.01775
0 0.456083333333333 0.370625 0.00583333333333333 0.01825
0 0.461416666666667 0.379125 0.00516666666666667 0.01825
0 0.497083333333333 0.399125 0.00883333333333333 0.01325
0 0.455916666666667 0.420375 0.00583333333333333 0.01725
0 0.44075 0.443375 0.00583333333333333 0.01625
0 0.46325 0.456375 0.00816666666666667 0.01525
0 0.501083333333333 0.488875 0.0075 0.01375
0 0.411916666666667 0.459875 0.0115 0.00825
0 0.456916666666667 0.535625 0.0118333333333333 0.00925
0 0.430083333333333 0.519625 0.00683333333333333 0.01425
0 0.42925 0.536125 0.00883333333333333 0.01125
0 0.42725 0.559875 0.00683333333333333 0.01375
0 0.398916666666667 0.516125 0.0111666666666667 0.00825
0 0.38925 0.515375 0.0111666666666667 0.00775
0 0.347416666666667 0.551625 0.0075 0.01325
0 0.348583333333333 0.582875 0.0108333333333333 0.00825
0 0.310583333333333 0.566375 0.0045 0.01625
0 0.36775 0.598625 0.00816666666666667 0.01375
0 0.40975 0.606625 0.0075 0.01425
0 0.441916666666667 0.620875 0.0111666666666667 0.00825
0 0.464416666666667 0.630875 0.0075 0.01525
0 0.49425 0.623625 0.0105 0.00725
0 0.461583333333333 0.605875 0.0055 0.01575
0 0.435416666666667 0.660875 0.00483333333333333 0.01575
0 0.450083333333333 0.683375 0.00483333333333333 0.01575
0 0.47275 0.707125 0.00983333333333333 0.00975
0 0.456083333333333 0.756875 0.00916666666666667 0.01075
0 0.391916666666667 0.690625 0.0055 0.01525
0 0.397583333333333 0.691875 0.0105 0.00725
0 0.384083333333333 0.688625 0.0105 0.00725
0 0.376916666666667 0.872625 0.0065 0.01675
0 0.394416666666667 0.865125 0.00916666666666667 0.01325
0 0.388916666666667 0.881125 0.0118333333333333 0.00825
0 0.378916666666667 0.890625 0.0085 0.01425
0 0.390416666666667 0.894125 0.0055 0.01575
0 0.410416666666667 0.921125 0.00516666666666667 0.01625
0 0.423416666666667 0.912375 0.00583333333333333 0.01575
0 0.430583333333333 0.875125 0.0075 0.01525
0 0.44675 0.899625 0.00983333333333333 0.01275
0 0.445083333333333 0.910875 0.0095 0.01225
0 0.46875 0.912375 0.00883333333333333 0.01275
0 0.481916666666667 0.898375 0.0065 0.01625
0 0.494916666666667 0.908125 0.00683333333333333 0.01525
0 0.553416666666667 0.744125 0.00516666666666667 0.01575
0 0.624083333333333 0.494625 0.0108333333333333 0.00825
0 0.65275 0.557875 0.00516666666666667 0.01625
0 0.674583333333333 0.535375 0.0101666666666667 0.00825
0 0.684083333333333 0.536625 0.0075 0.01375
0 0.71575 0.516375 0.00983333333333333 0.00975
0 0.706583333333333 0.502375 0.00983333333333333 0.00775
0 0.72375 0.418375 0.0111666666666667 0.00875
0 0.715916666666667 0.436375 0.0095 0.00875
0 0.728416666666667 0.425875 0.00883333333333333 0.01025
0 0.715083333333333 0.419375 0.00816666666666667 0.01425
0 0.665083333333333 0.429875 0.0111666666666667 0.00925
0 0.665416666666667 0.424125 0.0111666666666667 0.00925
0 0.646083333333333 0.404875 0.0065 0.01575
0 0.61475 0.386375 0.00983333333333333 0.01125
0 0.56175 0.403375 0.0108333333333333 0.00875
0 0.54125 0.454875 0.00816666666666667 0.00975
0 0.56225 0.461375 0.0065 0.01675
0 0.528416666666667 0.502125 0.0085 0.01275
0 0.553083333333333 0.874375 0.0055 0.01625
0 0.56325 0.853375 0.00516666666666667 0.01625
0 0.57975 0.842125 0.00616666666666667 0.01575
0 0.589583333333333 0.838625 0.0055 0.01575
0 0.602916666666667 0.841875 0.00483333333333333 0.01425
0 0.620583333333333 0.830875 0.00716666666666667 0.01325
0 0.63675 0.820625 0.0095 0.00725
0 0.672416666666667 0.794875 0.00883333333333333 0.00925
0 0.623583333333333 0.790375 0.00516666666666667 0.01675
0 0.627583333333333 0.786875 0.0055 0.01675
0 0.607583333333333 0.779375 0.0101666666666667 0.00925
0 0.592916666666667 0.761875 0.00716666666666667 0.01575
0 0.58775 0.724625 0.00483333333333333 0.01675
0 0.583583333333333 0.705625 0.00716666666666667 0.01575
0 0.61125 0.700125 0.0065 0.01475
0 0.61975 0.697875 0.0105 0.00875
0 0.642583333333333 0.694875 0.0101666666666667 0.01025
0 0.653083333333333 0.691375 0.0108333333333333 0.00775
0 0.662916666666667 0.726875 0.00816666666666667 0.01175
0 0.689416666666667 0.729625 0.0095 0.00725
0 0.688416666666667 0.712375 0.0105 0.00825
0 0.685916666666667 0.704125 0.0101666666666667 0.00725
0 0.672583333333333 0.699125 0.00916666666666667 0.00925
0 0.64475 0.672125 0.0111666666666667 0.00775
0 0.69075 0.690125 0.0055 0.01575
0 0.693916666666667 0.684375 0.00783333333333333 0.01325
0 0.69225 0.665375 0.0105 0.00675
0 0.70025 0.670625 0.0095 0.01075
0 0.698916666666667 0.658375 0.0075 0.01225
0 0.670916666666667 0.633625 0.00516666666666667 0.01475
0 0.632916666666667 0.626125 0.00783333333333333 0.01425
0 0.65125 0.596125 0.00716666666666667 0.01525
0 0.642416666666667 0.581875 0.00616666666666667 0.01375
0 0.571583333333333 0.553625 0.00816666666666667 0.01175
0 0.52625 0.559375 0.0115 0.00725
0 0.493083333333333 0.568625 0.0065 0.01375
0 0.715083333333333 0.668875 0.00916666666666667 0.00875
0 0.716583333333333 0.651875 0.00616666666666667 0.01325
0 0.707083333333333 0.644875 0.0095 0.00925
0 0.686916666666667 0.644375 0.0101666666666667 0.00975
0 0.67875 0.647375 0.0101666666666667 0.01025
0 0.688583333333333 0.617375 0.00916666666666667 0.01175
0 0.67475 0.599125 0.0065 0.01525
0 0.548916666666667 0.879625 0.0095 0.00975
0 0.519083333333333 0.886625 0.0115 0.00775
0 0.517916666666667 0.809375 0.00616666666666667 0.01575
0 0.509583333333333 0.794125 0.00683333333333333 0.01325
0 0.47925 0.787875 0.0101666666666667 0.00675
0 0.543083333333333 0.861375 0.00583333333333333 0.01425
0 0.523916666666667 0.862625 0.00583333333333333 0.01425
0 0.50525 0.854375 0.00583333333333333 0.01425
0 0.49675 0.858875 0.00483333333333333 0.01725
0 0.467916666666667 0.838125 0.0065 0.01475
0 0.46225 0.836125 0.00416666666666667 0.01575
0 0.43675 0.823375 0.00916666666666667 0.01125
0 0.44725 0.829375 0.00916666666666667 0.01175
0 0.45825 0.809875 0.0065 0.01475
0 0.433583333333333 0.795125 0.0101666666666667 0.00925
0 0.424583333333333 0.798125 0.00583333333333333 0.01475
0 0.410416666666667 0.789875 0.0055 0.01575
0 0.404916666666667 0.796875 0.00983333333333333 0.01025
0 0.393583333333333 0.772125 0.0105 0.00825
0 0.71675 0.355625 0.00983333333333333 0.01075
0 0.701083333333333 0.366625 0.0108333333333333 0.00825
0 0.68775 0.383375 0.00983333333333333 0.01075
0 0.712916666666667 0.383125 0.0115 0.00875
0 0.695416666666667 0.310375 0.0105 0.00975
0 0.680583333333333 0.262625 0.00783333333333333 0.01425
0 0.69075 0.242625 0.0105 0.00925
0 0.672416666666667 0.222375 0.00983333333333333 0.01075
0 0.65175 0.188625 0.00816666666666667 0.01575
0 0.611583333333333 0.205625 0.0095 0.01425
0 0.613916666666667 0.158375 0.0118333333333333 0.00925
0 0.60375 0.213375 0.00616666666666667 0.01775
0 0.613583333333333 0.255625 0.00816666666666667 0.01575
0 0.573583333333333 0.277375 0.00816666666666667 0.01575
0 0.563916666666667 0.287125 0.00883333333333333 0.01475
0 0.58375 0.251875 0.0111666666666667 0.01025
0 0.563083333333333 0.235625 0.00783333333333333 0.01475
0 0.569583333333333 0.233375 0.0108333333333333 0.00975
0 0.557583333333333 0.174375 0.0118333333333333 0.00875
0 0.540416666666667 0.179625 0.00783333333333333 0.01575
0 0.535083333333333 0.190875 0.0065 0.01725
0 0.538583333333333 0.207125 0.0111666666666667 0.00975
0 0.519083333333333 0.226375 0.0111666666666667 0.00875
0 0.491416666666667 0.191625 0.0105 0.00825
0 0.504916666666667 0.218875 0.00983333333333333 0.01175
0 0.484083333333333 0.207625 0.0118333333333333 0.00825
0 0.493083333333333 0.213625 0.00616666666666667 0.01675
0 0.492416666666667 0.230125 0.0101666666666667 0.01225
0 0.492416666666667 0.257375 0.00816666666666667 0.01425
0 0.481916666666667 0.254125 0.00516666666666667 0.01675
0 0.510416666666667 0.138875 0.00483333333333333 0.01475
0 0.48425 0.152625 0.0065 0.01475
0 0.484083333333333 0.136625 0.00716666666666667 0.01425
0 0.47525 0.114375 0.00916666666666667 0.00875
0 0.468583333333333 0.108125 0.00816666666666667 0.01275
0 0.455416666666667 0.099625 0.00783333333333333 0.01325
0 0.48725 0.100875 0.0045 0.01425
0 0.49075 0.089875 0.00516666666666667 0.01375
0 0.489083333333333 0.074375 0.00583333333333333 0.01325
0 0.480083333333333 0.090375 0.0045 0.01425
0 0.466583333333333 0.085625 0.00583333333333333 0.01375
0 0.470916666666667 0.080125 0.00916666666666667 0.00875
0 0.463583333333333 0.072375 0.00816666666666667 0.01325
0 0.428416666666667 0.092125 0.0065 0.01375
0 0.42275 0.097875 0.00616666666666667 0.01475
0 0.41575 0.099625 0.0045 0.01575
0 0.40525 0.070875 0.0045 0.01375
0 0.412416666666667 0.072625 0.0055 0.01325
0 0.416083333333333 0.061375 0.00516666666666667 0.01475
0 0.425416666666667 0.159875 0.00583333333333333 0.01375
0 0.38125 0.168625 0.0085 0.01025
0 0.36075 0.177125 0.00516666666666667 0.01425
0 0.365916666666667 0.157875 0.00616666666666667 0.01375
0 0.37125 0.161125 0.00516666666666667 0.01675
0 0.533916666666667 0.112625 0.0095 0.01075
0 0.539916666666667 0.116625 0.0065 0.01375
0 0.545583333333333 0.119625 0.0055 0.01525
0 0.54525 0.135375 0.00716666666666667 0.01125
0 0.517083333333333 0.100625 0.00483333333333333 0.01375
0 0.530416666666667 0.102375 0.0055 0.01375
0 0.551916666666667 0.101125 0.00583333333333333 0.01275
0 0.56325 0.106875 0.0065 0.01175
0 0.590083333333333 0.125125 0.00616666666666667 0.01175
0 0.59275 0.091875 0.0055 0.01075
0 0.60875 0.103375 0.00616666666666667 0.00975
0 0.62125 0.098875 0.00583333333333333 0.01325
0 0.616916666666667 0.303125 0.0065 0.01525
0 0.63425 0.342875 0.00583333333333333 0.01525
0 0.366083333333333 0.824375 0.0108333333333333 0.00775
0 0.40775 0.139375 0.00516666666666667 0.01575
0 0.432583333333333 0.116375 0.00483333333333333 0.01575
0 0.38975 0.109375 0.0055 0.01675
0 0.254583333333333 0.142125 0.00783333333333333 0.00825
0 0.32825 0.134125 0.00483333333333333 0.01425
0 0.31425 0.130125 0.00483333333333333 0.01375
0 0.28725 0.144375 0.00683333333333333 0.01125
0 0.300583333333333 0.148875 0.00683333333333333 0.01125
0 0.30375 0.165125 0.0085 0.01125
0 0.312083333333333 0.168375 0.00683333333333333 0.01425
0 0.294416666666667 0.219125 0.00883333333333333 0.00875
0 0.26275 0.209375 0.0055 0.01425
0 0.264083333333333 0.237125 0.00916666666666667 0.00775
0 0.213916666666667 0.234875 0.0085 0.01025
0 0.239083333333333 0.234375 0.00683333333333333 0.01025
0 0.23875 0.242125 0.0095 0.00725
0 0.245416666666667 0.242375 0.00616666666666667 0.01275
0 0.23175 0.245125 0.00583333333333333 0.01175
0 0.241916666666667 0.252625 0.0085 0.00775
0 0.231916666666667 0.256375 0.00683333333333333 0.01125
0 0.226583333333333 0.252125 0.0055 0.01275
0 0.22075 0.263875 0.00816666666666667 0.00925
0 0.212916666666667 0.273625 0.00783333333333333 0.01125
0 0.206416666666667 0.279125 0.0055 0.01625
0 0.30825 0.296625 0.0075 0.01575
0 0.30225 0.288875 0.0118333333333333 0.00775
0 0.362416666666667 0.199875 0.0101666666666667 0.00925
0 0.356583333333333 0.212625 0.00516666666666667 0.01575
0 0.356416666666667 0.229375 0.00416666666666667 0.01725
0 0.35275 0.239125 0.0115 0.00775
0 0.34625 0.273375 0.0101666666666667 0.01225
0 0.31325 0.254875 0.0105 0.01075
0 0.28275 0.250125 0.0055 0.01525
0 0.286083333333333 0.293375 0.00983333333333333 0.00925
0 0.263416666666667 0.280875 0.00616666666666667 0.01525
0 0.234916666666667 0.292125 0.0101666666666667 0.00875
0 0.225583333333333 0.310125 0.00816666666666667 0.01275
0 0.237583333333333 0.315625 0.00516666666666667 0.01575
0 0.253083333333333 0.320875 0.0101666666666667 0.01375
0 0.258416666666667 0.326375 0.00483333333333333 0.01625
0 0.23775 0.340375 0.00983333333333333 0.00975
0 0.194916666666667 0.342125 0.00983333333333333 0.01075
0 0.171083333333333 0.300625 0.0108333333333333 0.01025
