0 0.233416666666667 0.528125 0.0065 0.01875
0 0.699416666666667 0.384625 0.0101666666666667 0.01475
0 0.63175 0.395625 0.0128333333333333 0.00875
0 0.635916666666667 0.405125 0.0128333333333333 0.00875
0 0.615583333333333 0.428875 0.0128333333333333 0.00925
0 0.34175 0.133875 0.0101666666666667 0.01425
0 0.358583333333333 0.137625 0.00616666666666667 0.01875
0 0.381083333333333 0.117625 0.00883333333333333 0.01725
0 0.38375 0.097875 0.0085 0.01675
0 0.408583333333333 0.141375 0.0105 0.01375
0 0.43575 0.112375 0.00983333333333333 0.01625
0 0.425083333333333 0.113375 0.0128333333333333 0.00875
0 0.497416666666667 0.070625 0.00816666666666667 0.01675
0 0.48575 0.087875 0.00783333333333333 0.01775
0 0.52925 0.082125 0.0121666666666667 0.01325
0 0.501916666666667 0.108375 0.0095 0.01575
0 0.552916666666667 0.132125 0.0128333333333333 0.00875
0 0.572916666666667 0.137875 0.0118333333333333 0.01175
0 0.493083333333333 0.157125 0.0128333333333333 0.01025
0 0.383416666666667 0.184875 0.00783333333333333 0.01775
0 0.405416666666667 0.187125 0.0108333333333333 0.01375
0 0.404916666666667 0.197125 0.0125 0.00975
0 0.417916666666667 0.220125 0.00716666666666667 0.01825
0 0.439583333333333 0.177375 0.0065 0.01725
0 0.433583333333333 0.188625 0.0111666666666667 0.01275
0 0.461583333333333 0.199875 0.0085 0.01675
0 0.473916666666667 0.215875 0.00716666666666667 0.01825
0 0.482583333333333 0.230625 0.00983333333333333 0.01525
0 0.507583333333333 0.198375 0.0118333333333333 0.01125
0 0.52825 0.217625 0.00583333333333333 0.01925
0 0.53025 0.242875 0.0125 0.00975
0 0.52175 0.247875 0.0055 0.01925
0 0.517916666666667 0.245875 0.00716666666666667 0.01825
0 0.51325 0.268875 0.0105 0.01475
0 0.57175 0.247375 0.00716666666666667 0.01825
0 0.627583333333333 0.246875 0.0085 0.01675
0 0.62225 0.281625 0.0125 0.01025
0 0.59525 0.284375 0.0125 0.00975
0 0.577583333333333 0.299875 0.00783333333333333 0.01775
0 0.59325 0.306875 0.00716666666666667 0.01825
0 0.596083333333333 0.294875 0.0121666666666667 0.01025
0 0.49675 0.304625 0.00916666666666667 0.01625
0 0.553416666666667 0.352375 0.0128333333333333 0.00875
0 0.593416666666667 0.329875 0.00616666666666667 0.01925
0 0.584583333333333 0.353875 0.0125 0.01125
0 0.58825 0.391625 0.00783333333333333 0.01825
0 0.604583333333333 0.371375 0.0101666666666667 0.01425
0 0.610583333333333 0.385125 0.0125 0.00975
0 0.65675 0.372875 0.0128333333333333 0.00925
0 0.633916666666667 0.433875 0.00583333333333333 0.01725
0 0.63525 0.445125 0.00516666666666667 0.01775
0 0.55325 0.448125 0.00583333333333333 0.01925
0 0.586416666666667 0.455875 0.00683333333333333 0.01875
0 0.621083333333333 0.462875 0.00883333333333333 0.01625
0 0.640083333333333 0.488375 0.00516666666666667 0.01775
0 0.685583333333333 0.479875 0.0128333333333333 0.00875
0 0.61475 0.487875 0.0115 0.01225
0 0.569916666666667 0.484875 0.00816666666666667 0.01725
0 0.577416666666667 0.518375 0.0075 0.01775
0 0.597916666666667 0.522625 0.00816666666666667 0.01725
0 0.693583333333333 0.532125 0.0128333333333333 0.00875
0 0.62775 0.542625 0.0101666666666667 0.01425
0 0.63175 0.562875 0.0118333333333333 0.01125
0 0.649916666666667 0.611875 0.0101666666666667 0.01425
0 0.68425 0.668875 0.0095 0.01575
0 0.678083333333333 0.678125 0.0111666666666667 0.00925
0 0.672083333333333 0.703125 0.0115 0.01175
0 0.654416666666667 0.752125 0.00816666666666667 0.01725
0 0.618416666666667 0.677625 0.00916666666666667 0.01325
0 0.609916666666667 0.665375 0.0085 0.01575
0 0.59725 0.670375 0.0121666666666667 0.00925
0 0.583416666666667 0.657375 0.0101666666666667 0.01125
0 0.576083333333333 0.595875 0.0065 0.01875
0 0.566916666666667 0.583625 0.00816666666666667 0.01725
0 0.536083333333333 0.589125 0.00716666666666667 0.01825
0 0.53425 0.626875 0.0075 0.01825
0 0.533583333333333 0.650625 0.0125 0.00925
0 0.538583333333333 0.671625 0.0115 0.01225
0 0.510916666666667 0.615375 0.00816666666666667 0.01725
0 0.495583333333333 0.626375 0.0128333333333333 0.00925
0 0.50225 0.688375 0.0125 0.00975
0 0.565916666666667 0.720875 0.0115 0.01275
0 0.543916666666667 0.725375 0.00583333333333333 0.01775
0 0.545416666666667 0.762375 0.0111666666666667 0.01275
0 0.540416666666667 0.748125 0.00583333333333333 0.01925
0 0.533583333333333 0.749375 0.0108333333333333 0.01325
0 0.532083333333333 0.732625 0.00683333333333333 0.01725
0 0.528083333333333 0.723875 0.0105 0.01425
0 0.522416666666667 0.744125 0.00616666666666667 0.01725
0 0.490916666666667 0.747375 0.0128333333333333 0.00925
0 0.577583333333333 0.843875 0.00583333333333333 0.01925
0 0.555916666666667 0.827375 0.0065 0.01875
0 0.54175 0.881125 0.00816666666666667 0.01725
0 0.485416666666667 0.791125 0.0101666666666667 0.01475
0 0.487416666666667 0.765875 0.0055 0.01925
0 0.465583333333333 0.763125 0.00516666666666667 0.01825
0 0.47925 0.741125 0.0101666666666667 0.01225
0 0.470916666666667 0.743375 0.0121666666666667 0.00875
0 0.45175 0.747125 0.0128333333333333 0.00875
0 0.482583333333333 0.886875 0.00616666666666667 0.01925
0 0.44925 0.901125 0.0125 0.01025
0 0.46225 0.662875 0.0095 0.01525
0 0.472916666666667 0.655375 0.00983333333333333 0.01525
0 0.46725 0.649375 0.0125 0.01025
0 0.486083333333333 0.503375 0.0105 0.01425
0 0.477083333333333 0.438625 0.0115 0.01225
0 0.479916666666667 0.423875 0.0128333333333333 0.00875
0 0.49825 0.400375 0.0085 0.01675
0 0.41875 0.336875 0.0128333333333333 0.00925
0 0.40125 0.327125 0.0101666666666667 0.01425
0 0.40425 0.339125 0.00816666666666667 0.01725
0 0.425583333333333 0.427375 0.0085 0.01675
0 0.395916666666667 0.411875 0.00783333333333333 0.01775
0 0.378083333333333 0.386125 0.0128333333333333 0.00925
0 0.33675 0.387625 0.0128333333333333 0.00875
0 0.447916666666667 0.519625 0.0125 0.00975
0 0.435583333333333 0.571375 0.00816666666666667 0.01725
0 0.422916666666667 0.579125 0.0128333333333333 0.00875
0 0.405416666666667 0.614625 0.0121666666666667 0.01075
0 0.37525 0.657875 0.00716666666666667 0.01825
0 0.364916666666667 0.639875 0.0128333333333333 0.00875
0 0.360416666666667 0.647875 0.0128333333333333 0.00925
0 0.37175 0.717625 0.00983333333333333 0.01525
0 0.43525 0.793875 0.00883333333333333 0.01625
0 0.427916666666667 0.817125 0.0118333333333333 0.01125
0 0.426916666666667 0.763875 0.0108333333333333 0.01225
0 0.426083333333333 0.768875 0.0125 0.01025
0 0.434916666666667 0.775625 0.00916666666666667 0.01625
0 0.416416666666667 0.767625 0.0101666666666667 0.01075
0 0.408416666666667 0.777125 0.0108333333333333 0.01125
0 0.403416666666667 0.802375 0.0101666666666667 0.01275
0 0.39825 0.781375 0.00816666666666667 0.01575
0 0.413583333333333 0.874125 0.0111666666666667 0.01275
0 0.391916666666667 0.847625 0.0095 0.01525
0 0.38825 0.842125 0.00783333333333333 0.01725
0 0.35975 0.893125 0.00683333333333333 0.01875
0 0.352416666666667 0.882875 0.0111666666666667 0.01175
0 0.306083333333333 0.852375 0.00783333333333333 0.01475
0 0.33775 0.842875 0.00583333333333333 0.01925
0 0.330916666666667 0.814875 0.00583333333333333 0.01925
0 0.324583333333333 0.834375 0.0085 0.01575
0 0.33025 0.839375 0.00583333333333333 0.01925
0 0.375916666666667 0.764125 0.00616666666666667 0.01875
0 0.361916666666667 0.794375 0.0128333333333333 0.00875
0 0.368583333333333 0.786625 0.0125 0.00975
0 0.366583333333333 0.779625 0.0121666666666667 0.01025
0 0.361416666666667 0.769125 0.0121666666666667 0.01075
0 0.345083333333333 0.758625 0.0128333333333333 0.00875
0 0.327916666666667 0.777625 0.0065 0.01875
0 0.320083333333333 0.773875 0.0085 0.01675
0 0.31375 0.741625 0.00983333333333333 0.01525
0 0.345583333333333 0.704625 0.0125 0.00975
0 0.299583333333333 0.721375 0.0125 0.00925
0 0.26125 0.817875 0.0128333333333333 0.00875
0 0.24425 0.793875 0.00816666666666667 0.01725
0 0.196416666666667 0.737625 0.00716666666666667 0.01825
0 0.25975 0.764375 0.00583333333333333 0.01925
0 0.27775 0.732125 0.00683333333333333 0.01875
0 0.291583333333333 0.707125 0.0108333333333333 0.01375
0 0.26325 0.707625 0.00583333333333333 0.01925
0 0.314083333333333 0.679375 0.0128333333333333 0.00925
0 0.279916666666667 0.676625 0.0128333333333333 0.00875
0 0.25625 0.683625 0.0095 0.01525
0 0.25075 0.683375 0.00983333333333333 0.01525
0 0.226916666666667 0.659125 0.00816666666666667 0.01725
0 0.243416666666667 0.643375 0.0111666666666667 0.01325
0 0.196583333333333 0.623875 0.0121666666666667 0.01075
0 0.196916666666667 0.651625 0.0085 0.01675
0 0.186916666666667 0.651625 0.0128333333333333 0.00925
0 0.171083333333333 0.628875 0.0111666666666667 0.01275
0 0.183916666666667 0.614375 0.0128333333333333 0.00875
0 0.18375 0.583375 0.0128333333333333 0.00925
0 0.16675 0.574125 0.0128333333333333 0.00875
0 0.26125 0.643125 0.0085 0.01625
0 0.256583333333333 0.642625 0.0065 0.01875
0 0.248583333333333 0.608875 0.0121666666666667 0.00975
0 0.240083333333333 0.610375 0.00583333333333333 0.01925
0 0.273083333333333 0.585625 0.0075 0.01825
0 0.26175 0.586375 0.0095 0.01575
0 0.242583333333333 0.564625 0.0125 0.00975
0 0.24025 0.596125 0.0085 0.01675
0 0.24425 0.593375 0.00816666666666667 0.01725
0 0.242583333333333 0.583125 0.00883333333333333 0.01175
0 0.24525 0.574875 0.0111666666666667 0.00825
0 0.25175 0.579125 0.00583333333333333 0.01875
0 0.266083333333333 0.527375 0.00916666666666667 0.01625
0 0.236583333333333 0.543625 0.00683333333333333 0.01675
0 0.27225 0.481875 0.0128333333333333 0.00925
0 0.158083333333333 0.547625 0.0111666666666667 0.01175
0 0.167083333333333 0.539875 0.0101666666666667 0.01475
0 0.161916666666667 0.536875 0.00983333333333333 0.01525
0 0.18775 0.505875 0.0075 0.01675
0 0.15475 0.489625 0.00883333333333333 0.01675
0 0.17475 0.486875 0.00583333333333333 0.01925
0 0.170583333333333 0.463625 0.0128333333333333 0.00875
0 0.207416666666667 0.490625 0.00583333333333333 0.01925
0 0.222083333333333 0.476875 0.0111666666666667 0.01275
0 0.483916666666667 0.076875 0.00916666666666667 0.01425
0 0.390083333333333 0.229375 0.00983333333333333 0.01525
0 0.384083333333333 0.227875 0.00516666666666667 0.01925
0 0.37675 0.216375 0.0125 0.00975
0 0.332083333333333 0.216125 0.00883333333333333 0.01625
0 0.356583333333333 0.226875 0.0111666666666667 0.00925
0 0.361583333333333 0.238375 0.00716666666666667 0.01675
0 0.352583333333333 0.242375 0.0095 0.01125
0 0.338416666666667 0.248875 0.00683333333333333 0.01825
0 0.336083333333333 0.295875 0.00516666666666667 0.01925
0 0.332416666666667 0.257125 0.0075 0.01775
0 0.325583333333333 0.247375 0.0111666666666667 0.00975
0 0.311583333333333 0.259125 0.0085 0.01675
0 0.29875 0.270625 0.0115 0.01225
0 0.267916666666667 0.265625 0.00583333333333333 0.01925
0 0.263583333333333 0.228125 0.00683333333333333 0.01875
0 0.26275 0.215625 0.0115 0.01225
0 0.277083333333333 0.296875 0.00583333333333333 0.01825
0 0.29575 0.300125 0.00683333333333333 0.01875
0 0.30175 0.299625 0.0075 0.01775
0 0.292416666666667 0.319875 0.0121666666666667 0.01025
0 0.22625 0.238875 0.0085 0.01675
0 0.223916666666667 0.249625 0.00583333333333333 0.01925
0 0.224583333333333 0.273875 0.00583333333333333 0.01925
0 0.210583333333333 0.288375 0.0108333333333333 0.01525
0 0.20375 0.307625 0.0085 0.01675
0 0.26675 0.329375 0.0065 0.01675
0 0.26625 0.350125 0.00616666666666667 0.01675
0 0.280083333333333 0.373125 0.0101666666666667 0.01425
0 0.21225 0.365625 0.0115 0.01225
0 0.17575 0.350125 0.0128333333333333 0.01075
0 0.169416666666667 0.370875 0.0128333333333333 0.00875
0 0.192083333333333 0.423375 0.0125 0.01025
0 0.249916666666667 0.376625 0.0111666666666667 0.01125
0 0.255083333333333 0.395625 0.0125 0.00975
0 0.25875 0.408875 0.0095 0.01575
0 0.288916666666667 0.447875 0.0108333333333333 0.01375
0 0.230416666666667 0.430125 0.0111666666666667 0.01325
0 0.237916666666667 0.432875 0.00683333333333333 0.01875
0 0.230583333333333 0.509375 0.00583333333333333 0.01925
0 0.234083333333333 0.513625 0.00916666666666667 0.00925
0 0.308583333333333 0.554625 0.00983333333333333 0.00775
0 0.218916666666667 0.769875 0.0105 0.01375
