0 0.67675 0.284625 0.00783333333333333 0.01425
0 0.686916666666667 0.288625 0.00583333333333333 0.01575
0 0.672916666666667 0.355875 0.00983333333333333 0.01075
0 0.62675 0.369875 0.0108333333333333 0.00875
0 0.63625 0.371125 0.0108333333333333 0.00875
0 0.680583333333333 0.211375 0.0111666666666667 0.00675
0 0.677916666666667 0.192375 0.0108333333333333 0.00875
0 0.623083333333333 0.316375 0.00716666666666667 0.01475
0 0.605416666666667 0.307375 0.00483333333333333 0.01675
0 0.59525 0.312875 0.00483333333333333 0.01675
0 0.60575 0.284625 0.00683333333333333 0.01525
0 0.59775 0.330375 0.0105 0.00875
0 0.55775 0.315875 0.0085 0.01075
0 0.56375 0.294875 0.0105 0.00825
0 0.587083333333333 0.221625 0.0108333333333333 0.00775
0 0.59575 0.206875 0.00716666666666667 0.01425
0 0.620083333333333 0.230125 0.0065 0.01525
0 0.59275 0.192375 0.00616666666666667 0.01475
0 0.610416666666667 0.178375 0.00483333333333333 0.01575
0 0.61925 0.155375 0.0101666666666667 0.00775
0 0.587416666666667 0.178375 0.00583333333333333 0.01475
0 0.641583333333333 0.134375 0.00883333333333333 0.01225
0 0.558083333333333 0.237875 0.0101666666666667 0.00825
0 0.56375 0.155125 0.0045 0.01675
0 0.54325 0.163125 0.00783333333333333 0.01425
0 0.544416666666667 0.150625 0.00716666666666667 0.01325
0 0.540583333333333 0.185375 0.0101666666666667 0.00825
0 0.54025 0.194375 0.0085 0.01125
0 0.530583333333333 0.178125 0.00916666666666667 0.01025
0 0.52575 0.185625 0.0065 0.01425
0 0.556583333333333 0.141375 0.00616666666666667 0.01425
0 0.549083333333333 0.116875 0.0095 0.01025
0 0.524083333333333 0.118375 0.0055 0.01775
0 0.530083333333333 0.104875 0.00583333333333333 0.01675
0 0.51925 0.125625 0.0055 0.01775
0 0.51425 0.150125 0.0075 0.01575
0 0.500583333333333 0.123875 0.0075 0.01575
0 0.51725 0.215875 0.0055 0.01675
0 0.51725 0.204375 0.00816666666666667 0.01425
0 0.51325 0.222625 0.0075 0.01625
0 0.50925 0.232375 0.00616666666666667 0.01775
0 0.51525 0.253125 0.0065 0.01575
0 0.503583333333333 0.258625 0.0101666666666667 0.01275
0 0.479583333333333 0.240875 0.00716666666666667 0.01675
0 0.497583333333333 0.196125 0.0121666666666667 0.00825
0 0.495916666666667 0.182125 0.00883333333333333 0.01325
0 0.49225 0.133125 0.00616666666666667 0.01675
0 0.464083333333333 0.105375 0.00816666666666667 0.01325
0 0.46575 0.120375 0.00516666666666667 0.01625
0 0.452083333333333 0.180375 0.0055 0.01625
0 0.457583333333333 0.183625 0.00583333333333333 0.01675
0 0.44875 0.192875 0.00516666666666667 0.01425
0 0.439583333333333 0.212625 0.00883333333333333 0.01225
0 0.436083333333333 0.186125 0.00816666666666667 0.01275
0 0.44225 0.167375 0.00616666666666667 0.01525
0 0.42275 0.185875 0.0055 0.01625
0 0.428083333333333 0.170375 0.00516666666666667 0.01625
0 0.431416666666667 0.117625 0.00516666666666667 0.01625
0 0.416416666666667 0.131625 0.0045 0.01575
0 0.413583333333333 0.149625 0.00583333333333333 0.01575
0 0.406083333333333 0.150375 0.00483333333333333 0.01425
0 0.409083333333333 0.180625 0.00583333333333333 0.01525
0 0.398916666666667 0.169125 0.00483333333333333 0.01625
0 0.395916666666667 0.147125 0.00483333333333333 0.01625
0 0.389583333333333 0.161625 0.00716666666666667 0.01475
0 0.378083333333333 0.143625 0.0055 0.01625
0 0.40875 0.197375 0.00883333333333333 0.01225
0 0.362583333333333 0.176625 0.00683333333333333 0.01525
0 0.35475 0.198875 0.00616666666666667 0.01375
0 0.455583333333333 0.260375 0.0111666666666667 0.00875
0 0.445083333333333 0.312875 0.0115 0.00775
0 0.402083333333333 0.293375 0.00516666666666667 0.01475
0 0.377583333333333 0.271125 0.00816666666666667 0.01125
0 0.37275 0.238875 0.00583333333333333 0.01775
0 0.48875 0.337875 0.0108333333333333 0.00975
0 0.470916666666667 0.405125 0.0085 0.01325
0 0.303916666666667 0.238125 0.0108333333333333 0.00725
0 0.323916666666667 0.278125 0.0055 0.01825
0 0.320083333333333 0.284125 0.00616666666666667 0.01575
0 0.297083333333333 0.248375 0.0108333333333333 0.00875
0 0.304083333333333 0.279625 0.0065 0.01525
0 0.287583333333333 0.256125 0.00616666666666667 0.01575
0 0.297583333333333 0.295125 0.00983333333333333 0.01075
0 0.360583333333333 0.331875 0.0111666666666667 0.00725
0 0.285583333333333 0.322125 0.0105 0.00875
0 0.27825 0.348125 0.00983333333333333 0.01075
0 0.313083333333333 0.354875 0.00983333333333333 0.01075
0 0.285416666666667 0.386875 0.0095 0.00925
0 0.357083333333333 0.395875 0.00983333333333333 0.00775
0 0.333583333333333 0.398625 0.0105 0.00975
0 0.325583333333333 0.398875 0.0111666666666667 0.00775
0 0.41675 0.408375 0.00883333333333333 0.01175
0 0.392916666666667 0.404875 0.00783333333333333 0.01325
0 0.41525 0.422125 0.00616666666666667 0.01625
0 0.373083333333333 0.442125 0.0108333333333333 0.00875
0 0.535583333333333 0.442625 0.0115 0.00775
0 0.587916666666667 0.488375 0.0115 0.00775
0 0.581583333333333 0.471125 0.0055 0.01675
0 0.55775 0.454875 0.00683333333333333 0.01575
0 0.574416666666667 0.489875 0.00916666666666667 0.01275
0 0.538083333333333 0.483625 0.00583333333333333 0.01625
0 0.485583333333333 0.458875 0.00516666666666667 0.01675
0 0.486416666666667 0.491625 0.0055 0.01675
0 0.447583333333333 0.501125 0.0111666666666667 0.00775
0 0.451083333333333 0.527375 0.0055 0.01725
0 0.54325 0.516875 0.0075 0.01525
0 0.517916666666667 0.504375 0.0101666666666667 0.01125
0 0.543916666666667 0.538625 0.0095 0.01275
0 0.54625 0.549375 0.0108333333333333 0.00925
0 0.514083333333333 0.560375 0.00883333333333333 0.01275
0 0.58975 0.519625 0.00816666666666667 0.01325
0 0.647916666666667 0.478125 0.0065 0.01725
0 0.630083333333333 0.484125 0.0111666666666667 0.01075
0 0.735583333333333 0.421625 0.0118333333333333 0.00925
0 0.755416666666667 0.431375 0.00683333333333333 0.01825
0 0.73725 0.435625 0.0121666666666667 0.00975
0 0.780583333333333 0.450875 0.0108333333333333 0.00825
0 0.773583333333333 0.466625 0.00883333333333333 0.01275
0 0.782416666666667 0.483875 0.0108333333333333 0.00825
0 0.760083333333333 0.480375 0.0101666666666667 0.01225
0 0.740583333333333 0.482625 0.00816666666666667 0.01225
0 0.727916666666667 0.472625 0.00983333333333333 0.00925
0 0.782416666666667 0.542625 0.00783333333333333 0.01225
0 0.742916666666667 0.532125 0.0105 0.01325
0 0.61775 0.541875 0.0105 0.00825
0 0.704416666666667 0.563125 0.00516666666666667 0.01675
0 0.706083333333333 0.599625 0.0108333333333333 0.00875
0 0.662916666666667 0.544625 0.0065 0.01675
0 0.659083333333333 0.591375 0.00783333333333333 0.01475
0 0.647083333333333 0.602125 0.0045 0.01575
0 0.613916666666667 0.604125 0.0065 0.01425
0 0.62775 0.635375 0.0111666666666667 0.00775
0 0.690916666666667 0.648375 0.0065 0.01575
0 0.70925 0.720625 0.0101666666666667 0.01275
0 0.70575 0.677125 0.0055 0.01625
0 0.700583333333333 0.708375 0.00583333333333333 0.01575
0 0.596583333333333 0.674375 0.0108333333333333 0.00775
0 0.64325 0.741625 0.00516666666666667 0.01525
0 0.654583333333333 0.772375 0.0085 0.01075
0 0.648916666666667 0.759375 0.00516666666666667 0.01475
0 0.652583333333333 0.711125 0.00716666666666667 0.01525
0 0.66525 0.784875 0.0108333333333333 0.00725
0 0.644583333333333 0.816875 0.0105 0.00825
0 0.634583333333333 0.780625 0.0105 0.00675
0 0.59625 0.725125 0.0095 0.00925
0 0.576583333333333 0.712625 0.0101666666666667 0.00775
0 0.556083333333333 0.708125 0.00583333333333333 0.01325
0 0.521583333333333 0.665625 0.00416666666666667 0.01475
0 0.50325 0.601125 0.0108333333333333 0.00875
0 0.495583333333333 0.613625 0.00916666666666667 0.01225
0 0.46375 0.606375 0.00983333333333333 0.01175
0 0.467083333333333 0.624875 0.00616666666666667 0.01625
0 0.48075 0.660375 0.0101666666666667 0.01025
0 0.500916666666667 0.699875 0.0115 0.00625
0 0.482083333333333 0.704625 0.0118333333333333 0.00725
0 0.410583333333333 0.626875 0.0085 0.01175
0 0.41725 0.613375 0.0118333333333333 0.00725
0 0.398416666666667 0.606375 0.0108333333333333 0.00975
0 0.391916666666667 0.591875 0.0105 0.00925
0 0.391916666666667 0.571625 0.0111666666666667 0.00725
0 0.39025 0.555375 0.0108333333333333 0.00775
0 0.375416666666667 0.622375 0.00883333333333333 0.01025
0 0.345583333333333 0.583125 0.0105 0.00875
0 0.319416666666667 0.613875 0.0075 0.01475
0 0.324916666666667 0.631375 0.0055 0.01425
0 0.31825 0.640375 0.0085 0.01075
0 0.323416666666667 0.641125 0.00583333333333333 0.01375
0 0.35775 0.639125 0.00583333333333333 0.01375
0 0.404416666666667 0.660375 0.00416666666666667 0.01525
0 0.380083333333333 0.702125 0.00716666666666667 0.01225
0 0.36775 0.697625 0.0101666666666667 0.00625
0 0.34925 0.693125 0.0045 0.01525
0 0.386916666666667 0.711125 0.0075 0.01225
0 0.40375 0.719625 0.0075 0.01175
0 0.44475 0.750125 0.00883333333333333 0.01025
0 0.454416666666667 0.740625 0.0065 0.01325
0 0.444583333333333 0.738375 0.0065 0.01325
0 0.407083333333333 0.735625 0.0045 0.01525
0 0.451583333333333 0.754875 0.00716666666666667 0.01225
0 0.58225 0.784875 0.00916666666666667 0.00925
0 0.54425 0.766125 0.0101666666666667 0.00925
0 0.556416666666667 0.806875 0.00583333333333333 0.01425
0 0.562916666666667 0.806875 0.00816666666666667 0.01125
0 0.544916666666667 0.789375 0.0045 0.01625
0 0.592416666666667 0.840875 0.0105 0.00775
0 0.577583333333333 0.832625 0.00883333333333333 0.01125
0 0.532416666666667 0.802875 0.0108333333333333 0.00925
0 0.52275 0.805625 0.0101666666666667 0.00625
0 0.503916666666667 0.800875 0.00683333333333333 0.01325
0 0.540083333333333 0.806375 0.0075 0.01475
0 0.52425 0.828125 0.00883333333333333 0.01075
0 0.484083333333333 0.803125 0.00916666666666667 0.00725
0 0.49575 0.806375 0.0065 0.01325
0 0.51675 0.845375 0.00483333333333333 0.01475
0 0.531416666666667 0.897625 0.0045 0.01525
0 0.509583333333333 0.909625 0.00416666666666667 0.01525
0 0.474583333333333 0.823875 0.0065 0.01325
0 0.445916666666667 0.780125 0.00716666666666667 0.01125
0 0.437583333333333 0.769375 0.00683333333333333 0.01325
0 0.442583333333333 0.794875 0.0065 0.01425
0 0.434916666666667 0.793125 0.00483333333333333 0.01475
0 0.480416666666667 0.886875 0.00783333333333333 0.01225
0 0.460083333333333 0.835375 0.00983333333333333 0.00925
0 0.444916666666667 0.828625 0.00716666666666667 0.01475
0 0.418083333333333 0.799125 0.0108333333333333 0.00875
0 0.447916666666667 0.890875 0.00983333333333333 0.01425
0 0.441583333333333 0.892875 0.00516666666666667 0.01675
0 0.428416666666667 0.859875 0.0055 0.01625
0 0.420083333333333 0.865625 0.0055 0.01475
0 0.407916666666667 0.884125 0.00683333333333333 0.01375
0 0.396083333333333 0.851625 0.0065 0.01425
0 0.381416666666667 0.850625 0.00616666666666667 0.01275
0 0.38325 0.829125 0.00616666666666667 0.01325
0 0.368583333333333 0.830375 0.00783333333333333 0.00875
0 0.386916666666667 0.805375 0.00516666666666667 0.01525
0 0.368583333333333 0.748375 0.00883333333333333 0.01125
0 0.352083333333333 0.811125 0.00783333333333333 0.01225
0 0.33175 0.784375 0.00916666666666667 0.00975
0 0.32725 0.776625 0.0085 0.00975
0 0.302916666666667 0.719375 0.00516666666666667 0.01725
0 0.311416666666667 0.731625 0.00983333333333333 0.00725
0 0.297083333333333 0.707125 0.0085 0.01025
0 0.306083333333333 0.705875 0.00616666666666667 0.01375
0 0.298916666666667 0.748375 0.00616666666666667 0.01325
0 0.29475 0.698875 0.0105 0.00825
0 0.309916666666667 0.668625 0.0045 0.01225
0 0.285583333333333 0.699375 0.0085 0.01075
0 0.27825 0.717125 0.0095 0.00725
0 0.30325 0.662625 0.0095 0.00725
0 0.318583333333333 0.669625 0.00483333333333333 0.01425
0 0.31225 0.621125 0.00916666666666667 0.00675
0 0.324583333333333 0.603375 0.00516666666666667 0.01625
0 0.32975 0.614875 0.0045 0.01675
0 0.329583333333333 0.587625 0.00483333333333333 0.01675
0 0.28475 0.657375 0.0095 0.00875
0 0.28275 0.664625 0.0105 0.00725
0 0.28025 0.677375 0.0085 0.00925
0 0.288583333333333 0.680625 0.0095 0.01075
0 0.276083333333333 0.651875 0.0101666666666667 0.00625
0 0.26925 0.660875 0.00916666666666667 0.00625
0 0.282583333333333 0.646875 0.00516666666666667 0.01625
0 0.275583333333333 0.641625 0.0101666666666667 0.00725
0 0.266916666666667 0.652375 0.00816666666666667 0.01175
0 0.288416666666667 0.638375 0.00483333333333333 0.01525
0 0.26775 0.673875 0.00883333333333333 0.01125
0 0.260083333333333 0.653125 0.00816666666666667 0.01125
0 0.26825 0.629125 0.00883333333333333 0.00925
0 0.273083333333333 0.616375 0.0105 0.00625
0 0.252916666666667 0.617625 0.0118333333333333 0.00775
0 0.248416666666667 0.604875 0.0065 0.01525
0 0.265916666666667 0.600375 0.0111666666666667 0.00725
0 0.309583333333333 0.589375 0.00983333333333333 0.01025
0 0.234916666666667 0.475125 0.0095 0.00725
0 0.236083333333333 0.483875 0.00716666666666667 0.01275
0 0.253583333333333 0.473875 0.0105 0.00875
0 0.240416666666667 0.463375 0.00816666666666667 0.01425
0 0.262083333333333 0.466875 0.0105 0.00975
0 0.239583333333333 0.441625 0.00783333333333333 0.01125
0 0.27075 0.458875 0.0095 0.01075
0 0.258083333333333 0.482125 0.0105 0.00825
0 0.258416666666667 0.559125 0.00916666666666667 0.00875
0 0.35875 0.569375 0.00783333333333333 0.01375
0 0.309083333333333 0.555625 0.00883333333333333 0.01225
0 0.271083333333333 0.532875 0.00916666666666667 0.01325
0 0.308083333333333 0.523375 0.00716666666666667 0.01575
0 0.30075 0.521625 0.0105 0.00975
0 0.36925 0.466375 0.0105 0.00975
0 0.36225 0.500625 0.0108333333333333 0.00875
0 0.31825 0.457375 0.0105 0.00925
0 0.308583333333333 0.474625 0.0085 0.01325
0 0.310083333333333 0.496875 0.00616666666666667 0.01475
0 0.274916666666667 0.569125 0.0045 0.01825
0 0.278416666666667 0.573375 0.00616666666666667 0.01575
0 0.708416666666667 0.341625 0.0085 0.00975
0 0.25275 0.508375 0.00983333333333333 0.00925
0 0.703416666666667 0.380625 0.0105 0.00975
0 0.728416666666667 0.360375 0.0111666666666667 0.00725
0 0.71425 0.353375 0.00483333333333333 0.01675
0 0.70325 0.312875 0.00483333333333333 0.01075
0 0.705083333333333 0.316125 0.00383333333333333 0.01475
0 0.74025 0.320875 0.0101666666666667 0.00975
0 0.740083333333333 0.303625 0.00916666666666667 0.01225
0 0.73575 0.272125 0.0108333333333333 0.00825
0 0.67825 0.308875 0.0065 0.01525
